,Player,Pos,Age,Tm,G,FG%,3P%,REB,AST,PTS,PER,Win Shares,MVP Score
264,Nikola Jokić,C,26,DEN,26,0.575,0.365,13.5,7.2,25.9,33.0,5.0,73.31
141,Kevin Durant,PF,33,BRK,27,0.523,0.382,7.9,5.9,29.7,25.9,4.6,38.92
11,Giannis Antetokounmpo,PF,27,MIL,26,0.529,0.28,11.6,5.8,27.0,30.5,4.7,35.0
497,Karl-Anthony Towns,C,26,MIN,30,0.51,0.426,9.1,3.6,24.5,23.5,4.0,22.99
116,Stephen Curry,PG,33,GSW,30,0.438,0.402,5.4,5.9,27.7,24.1,4.8,22.65
147,Joel Embiid,C,27,PHI,21,0.447,0.375,10.8,4.2,25.0,26.5,2.8,20.67
544,Trae Young,PG,23,ATL,29,0.46,0.377,4.0,9.3,27.3,25.6,3.7,15.29
123,DeMar DeRozan,PF,32,CHI,26,0.5,0.333,5.2,4.2,26.8,24.0,3.8,15.15
249,LeBron James,SF,37,LAL,21,0.514,0.346,6.7,6.5,26.8,24.2,2.8,13.63
81,Jimmy Butler,SF,32,MIA,18,0.509,0.194,5.8,5.2,22.8,26.8,3.4,11.38
298,Zach LaVine,SF,26,CHI,27,0.49,0.391,5.3,4.2,26.0,21.5,2.9,9.12
117,Anthony Davis,C,28,LAL,27,0.521,0.179,9.9,2.9,23.3,23.5,3.3,8.86
360,Ja Morant,PG,22,MEM,21,0.474,0.348,5.5,6.8,23.6,24.0,2.3,7.82
355,Donovan Mitchell,SG,25,UTA,30,0.458,0.342,3.8,5.1,25.1,22.4,3.6,7.51
55,Devin Booker,SG,25,PHO,24,0.461,0.427,5.2,4.7,23.3,20.2,2.4,6.3
481,Jayson Tatum,SF,23,BOS,32,0.419,0.326,8.6,3.8,25.6,19.3,2.5,6.17
306,Damian Lillard,PG,31,POR,26,0.405,0.327,4.2,7.5,23.8,19.7,2.3,4.31
129,Luka Dončić,PG,22,DAL,21,0.447,0.326,8.0,8.5,25.6,21.9,1.4,3.82
241,Brandon Ingram,SF,24,NOP,26,0.455,0.354,6.3,5.0,23.8,18.4,1.6,3.24
172,Paul George,SF,31,LAC,26,0.421,0.323,7.1,5.5,24.7,18.3,1.3,2.6
175,Shai Gilgeous-Alexander,PG,23,OKC,28,0.417,0.288,4.8,5.2,22.1,18.3,1.9,2.37
72,Jaylen Brown,SF,25,BOS,18,0.462,0.389,5.3,2.7,22.4,18.8,1.3,2.11
142,Anthony Edwards,SG,20,MIN,28,0.434,0.36,5.8,3.6,22.1,16.5,1.6,2.11
38,Bradley Beal,SG,28,WAS,28,0.456,0.283,4.6,5.9,23.3,17.7,1.1,1.11
160,De'Aaron Fox,PG,24,SAC,29,0.455,0.263,3.7,5.0,21.3,17.2,1.4,1.0
