Player,Age,G,MP,FG%,3P%,FT%,TOV,PF,REB,AST,STL,BLK,PTS,ROY Score
Evan Mobley,20,15,33.7,49.4,30.8,77.10000000000001,1.8,2.0,8.0,2.5,1.0,1.6,14.6,285.19
Scottie Barnes,20,16,34.9,48.0,25.0,72.0,2.1,2.6,8.4,3.3,1.1,0.6,14.6,259.83
Josh Giddey,19,16,29.3,39.2,27.800000000000004,57.9,2.7,1.8,7.3,5.6,1.1,0.6,10.0,148.2
Cade Cunningham,20,11,31.6,35.0,25.3,90.9,3.2,2.3,6.4,4.6,1.4,0.5,14.1,125.53
Franz Wagner,20,17,31.5,44.3,37.5,79.4,1.1,2.7,3.9,2.1,1.2,0.5,13.2,125.06
Chris Duarte,24,16,30.4,43.4,39.2,76.5,1.6,2.0,4.2,2.0,0.9,0.1,13.4,97.5
Alperen Şengün,19,15,18.7,47.3,41.199999999999996,66.10000000000001,2.0,2.9,4.7,2.1,1.2,0.5,8.8,96.73
Jeremiah Robinson-Earl,21,16,20.3,44.1,36.199999999999996,57.099999999999994,0.8,1.2,5.2,0.7,0.6,0.3,6.4,66.06
Jalen Green,19,16,32.5,37.9,28.4,79.60000000000001,3.0,1.6,3.3,2.6,0.7,0.2,14.5,54.57
Herb Jones,23,15,24.5,48.1,35.699999999999996,78.60000000000001,1.3,2.9,3.0,1.5,1.2,0.7,6.0,48.94
Davion Mitchell,23,17,25.4,37.7,28.199999999999996,58.8,1.1,2.4,2.6,3.8,0.8,0.2,8.9,47.21
Jalen Suggs,20,16,28.1,32.7,26.200000000000003,82.0,3.2,2.6,3.4,3.5,1.0,0.4,12.2,36.85
Austin Reaves,23,10,21.3,47.8,32.1,100.0,0.8,2.1,2.0,1.0,0.3,0.2,6.1,30.08
Bones Hyland,21,14,15.4,35.8,31.7,92.9,0.8,1.6,2.0,1.6,0.7,0.2,7.2,28.93
Dalano Banton,22,18,13.2,50.0,38.5,75.0,1.1,1.6,2.2,1.4,0.5,0.3,5.2,28.55
