Player,Age,G,MP,FG%,3P%,FT%,TOV,PF,REB,AST,STL,BLK,PTS,ROY Score
Evan Mobley,20,35,34.2,50.6,29.4,71.3,1.9,2.1,8.1,2.7,0.8,1.7,14.9,291.2
Scottie Barnes,20,33,35.5,47.599999999999994,30.8,71.39999999999999,1.9,2.8,7.9,3.5,1.0,0.9,14.5,264.48
Josh Giddey,19,36,30.6,40.400000000000006,28.000000000000004,68.10000000000001,2.8,1.7,7.3,6.4,1.1,0.5,11.5,180.21
Franz Wagner,20,43,32.3,45.5,35.8,84.8,1.6,2.2,4.7,2.9,1.0,0.5,15.7,176.9
Cade Cunningham,20,32,32.4,39.0,32.1,84.8,3.8,2.8,5.8,5.3,1.3,0.6,15.5,150.57
Alperen Şengün,19,36,18.3,50.4,29.299999999999997,70.0,1.9,3.1,4.8,2.6,0.9,0.9,9.0,114.98
Herbert Jones,23,39,28.8,48.699999999999996,38.7,82.39999999999999,1.1,3.0,3.7,1.9,1.5,1.0,8.8,106.8
Omer Yurtseven,23,33,15.6,49.4,14.299999999999999,63.800000000000004,1.0,1.8,6.6,1.2,0.5,0.5,6.2,98.12
Chris Duarte,24,35,28.5,42.9,34.300000000000004,68.8,1.7,1.7,3.9,2.1,1.0,0.1,12.9,90.38
Jeremiah Robinson-Earl,21,37,22.8,41.199999999999996,34.1,69.19999999999999,0.8,1.6,5.6,0.9,0.5,0.3,7.2,75.91
Jalen Green,19,29,30.3,39.1,30.599999999999998,82.1,2.4,1.4,3.2,2.2,0.6,0.2,15.0,71.0
Aaron Wiggins,23,23,21.1,48.8,32.1,72.7,0.8,2.0,3.3,1.2,0.7,0.2,7.2,59.04
David Duke,22,12,20.1,37.2,28.000000000000004,82.39999999999999,0.7,2.2,4.7,1.1,0.6,0.5,6.6,56.55
Kessler Edwards,21,10,21.5,42.9,35.5,100.0,1.0,1.5,4.0,1.0,0.8,0.7,7.2,55.24
Hassani Gravett,25,8,21.4,47.4,42.3,75.0,1.1,1.6,2.6,2.5,0.6,0.1,6.3,50.83
