Player,Age,G,MP,FG%,3P%,FT%,TOV,PF,REB,AST,STL,BLK,PTS,ROY Score
Scottie Barnes,20,27,36.0,49.4,35.6,72.6,1.9,2.9,8.3,3.4,1.1,1.0,15.6,312.65
Evan Mobley,20,25,33.6,47.4,33.300000000000004,77.3,1.6,2.1,8.3,2.5,0.9,1.8,13.8,277.68
Franz Wagner,20,31,32.1,44.5,36.3,81.0,1.4,2.4,4.7,2.9,1.1,0.4,14.5,158.44
Cade Cunningham,20,24,32.3,39.1,31.7,84.0,3.8,2.8,6.1,5.0,1.5,0.6,15.6,157.71
Josh Giddey,19,26,30.0,39.2,24.2,70.0,2.9,1.8,7.2,6.0,0.9,0.6,10.6,148.18
Alperen Şengün,19,29,18.6,48.6,27.800000000000004,72.39999999999999,1.8,3.1,4.7,2.7,1.0,0.8,9.2,121.58
David Duke,22,5,27.2,36.199999999999996,14.299999999999999,77.8,0.6,2.8,7.2,1.4,1.2,0.6,8.6,115.32
Chris Duarte,24,29,29.1,42.0,34.0,74.4,1.7,1.8,4.2,2.1,1.0,0.1,12.9,91.12
Kessler Edwards,21,5,25.4,45.0,41.199999999999996,0.0,1.2,1.2,5.0,1.2,0.6,0.6,8.6,80.08
Herb Jones,23,28,27.4,47.099999999999994,33.300000000000004,75.0,1.1,3.0,3.5,1.9,1.4,0.9,7.3,76.84
Jeremiah Robinson-Earl,21,28,21.7,41.199999999999996,32.6,70.39999999999999,0.9,1.6,5.7,0.8,0.5,0.2,6.9,70.89
Davion Mitchell,23,29,25.7,39.6,30.7,66.7,1.1,2.2,2.6,3.6,0.7,0.2,9.7,55.39
Jalen Green,19,18,30.8,38.2,27.800000000000004,80.7,2.7,1.6,3.1,2.3,0.6,0.2,14.0,52.15
Jalen Suggs,20,21,27.8,33.900000000000006,25.5,76.3,3.2,2.8,3.4,3.6,1.1,0.4,12.3,44.51
Bones Hyland,21,20,16.8,40.0,36.199999999999996,92.9,0.9,1.8,1.9,1.6,0.7,0.2,9.0,44.48
