Player,Age,G,MP,FG%,3P%,FT%,TOV,PF,REB,AST,STL,BLK,PTS,ROY Score
Scottie Barnes,20,27,36.0,49.4,35.6,72.6,1.9,2.9,8.3,3.4,1.1,1.0,15.6,312.65
Evan Mobley,20,25,33.6,47.4,33.300000000000004,77.3,1.6,2.1,8.3,2.5,0.9,1.8,13.8,277.68
Franz Wagner,20,33,32.3,44.3,35.0,81.10000000000001,1.4,2.4,4.7,2.8,1.1,0.5,15.0,161.17
Josh Giddey,19,29,30.1,39.7,25.0,65.10000000000001,2.8,1.8,7.0,6.0,1.0,0.6,11.2,154.34
Cade Cunningham,20,25,32.4,38.3,31.4,84.89999999999999,3.8,2.8,6.2,5.2,1.4,0.6,15.3,153.07
Alperen Şengün,19,32,18.8,49.5,28.9,71.2,1.9,3.0,4.9,2.8,1.0,0.8,9.2,123.42
David Duke,22,5,27.2,36.199999999999996,14.299999999999999,77.8,0.6,2.8,7.2,1.4,1.2,0.8,8.6,118.44
Chris Duarte,24,31,29.0,42.8,34.5,74.0,1.6,1.7,4.1,2.1,1.0,0.1,13.2,96.76
Kessler Edwards,21,5,25.4,45.0,41.199999999999996,0.0,1.2,1.2,5.0,1.2,0.6,0.6,8.6,80.08
Herbert Jones,23,30,27.3,47.3,34.4,76.2,1.1,3.1,3.5,1.8,1.3,0.9,7.2,75.16
Jeremiah Robinson-Earl,21,31,22.3,41.8,34.0,66.7,0.9,1.5,5.7,0.8,0.5,0.3,7.2,73.49
Jalen Green,19,19,30.5,38.800000000000004,30.599999999999998,80.7,2.7,1.5,3.0,2.3,0.7,0.3,14.3,57.82
Davion Mitchell,23,29,25.7,39.6,30.7,66.7,1.1,2.2,2.6,3.6,0.7,0.2,9.7,55.39
Jalen Suggs,20,21,27.8,33.900000000000006,25.5,76.3,3.2,2.8,3.4,3.6,1.1,0.4,12.3,44.51
Austin Reaves,23,17,19.7,50.0,39.0,88.2,0.7,1.7,2.5,1.1,0.2,0.1,5.8,37.49
