Player,Age,G,MP,FG%,3P%,FT%,TOV,PF,REB,AST,STL,BLK,PTS,ROY Score
Scottie Barnes,20,11,34.9,52.7,20.0,75.8,2.1,2.8,8.5,2.7,1.1,0.7,16.6,321.21
Evan Mobley,20,13,33.7,52.0,31.8,77.3,1.8,2.2,7.8,2.4,1.0,1.4,15.3,300.69
Josh Giddey,19,11,28.9,39.300000000000004,28.999999999999996,61.5,2.5,2.0,6.5,6.1,1.3,0.5,9.5,143.0
Franz Wagner,20,12,31.8,46.0,36.199999999999996,75.0,1.1,2.4,3.8,2.0,1.5,0.5,13.4,133.35
Chris Duarte,24,13,32.5,42.9,40.0,76.5,1.7,2.1,4.4,2.1,0.8,0.1,14.8,109.87
Alperen Şengün,19,11,19.3,48.5,46.2,67.4,2.5,3.3,4.4,2.2,1.5,0.5,9.4,102.35
Davion Mitchell,23,13,26.8,39.7,29.099999999999998,63.6,1.1,2.4,2.6,3.7,0.6,0.2,9.8,54.05
Jalen Green,19,12,32.6,35.8,28.9,77.8,3.1,1.5,3.5,2.8,0.7,0.3,14.0,46.8
Bones Hyland,21,9,16.4,39.4,32.6,87.5,0.8,1.4,2.0,2.2,0.9,0.2,8.1,44.4
Jeremiah Robinson-Earl,21,11,17.9,44.2,39.1,50.0,0.9,0.9,4.6,0.5,0.5,0.3,5.2,43.9
Herb Jones,23,10,25.0,50.0,22.2,62.5,1.7,3.3,2.8,1.8,1.3,0.5,6.3,43.87
Dalano Banton,22,13,12.5,53.1,33.300000000000004,64.3,0.8,1.4,2.4,1.3,0.6,0.4,4.9,33.23
Cade Cunningham,20,6,28.7,30.5,23.1,92.9,4.0,2.2,5.5,2.8,0.8,0.3,12.0,33.06
Austin Reaves,23,10,21.3,47.8,32.1,100.0,0.8,2.1,2.0,1.0,0.3,0.2,6.1,30.08
Jalen Suggs,20,12,28.4,30.599999999999998,20.599999999999998,83.7,3.5,2.9,3.3,3.6,0.8,0.4,11.6,24.53
