Player,Age,G,MP,FG%,3P%,FT%,TOV,PF,REB,AST,STL,BLK,PTS,ROY Score
Evan Mobley,20,45,34.3,50.4,28.599999999999998,65.60000000000001,2.0,2.0,8.2,2.6,0.8,1.6,15.0,278.54
Scottie Barnes,20,43,36.2,47.4,31.6,72.2,2.0,2.8,7.8,3.4,1.0,0.9,14.7,257.22
Josh Giddey,19,46,31.3,41.099999999999994,25.8,68.4,3.0,1.7,7.6,6.1,1.0,0.4,11.8,179.03
Franz Wagner,20,53,32.3,46.800000000000004,35.0,84.8,1.7,2.2,4.6,2.9,0.9,0.5,15.8,177.71
Terry Taylor,22,8,16.4,61.5,50.0,80.0,0.5,1.8,6.4,1.6,0.1,0.2,9.4,171.39
Cade Cunningham,20,41,32.0,39.7,32.800000000000004,86.0,3.5,3.0,5.5,5.2,1.3,0.7,15.8,154.88
Herbert Jones,23,49,29.8,49.6,37.0,83.7,1.1,3.0,3.8,2.0,1.5,0.9,9.6,122.71
Chris Duarte,24,46,28.7,43.0,35.9,76.1,1.6,1.7,4.2,2.2,1.1,0.2,13.1,105.5
Alperen Şengün,19,44,18.3,48.4,27.500000000000004,70.89999999999999,2.0,2.8,4.6,2.4,0.8,0.9,8.8,97.74
Omer Yurtseven,23,37,14.8,52.400000000000006,14.299999999999999,64.0,0.9,1.8,6.2,1.1,0.4,0.5,6.2,92.99
Jeremiah Robinson-Earl,21,44,23.0,40.1,33.300000000000004,71.39999999999999,0.8,1.7,5.8,1.0,0.6,0.3,7.1,78.73
Day'Ron Sharpe,20,24,12.0,58.5,33.300000000000004,66.7,1.0,2.1,5.0,0.4,0.3,0.5,6.5,72.2
Ayo Dosunmu,22,48,24.3,53.0,42.699999999999996,65.5,1.2,2.1,2.6,2.7,0.6,0.4,7.9,69.09
Jalen Green,19,37,30.1,37.2,29.5,83.89999999999999,2.3,1.5,3.4,2.3,0.5,0.2,14.3,67.22
Kessler Edwards,21,21,26.3,43.8,38.9,75.0,1.2,2.2,4.4,0.7,0.9,0.7,7.7,64.47
