Player,Age,G,MP,FG%,3P%,FT%,TOV,PF,REB,AST,STL,BLK,PTS,ROY Score
Evan Mobley,20,33,34.0,50.1,29.4,73.5,1.8,2.2,8.1,2.6,0.8,1.8,14.8,290.37
Scottie Barnes,20,32,35.5,48.199999999999996,32.4,71.39999999999999,1.9,2.8,8.0,3.5,1.0,0.9,14.7,275.88
Josh Giddey,19,35,30.6,40.1,28.000000000000004,68.10000000000001,2.9,1.7,7.4,6.4,1.1,0.5,11.3,179.26
Franz Wagner,20,41,32.1,45.2,36.3,84.39999999999999,1.6,2.2,4.7,2.6,1.0,0.5,15.7,171.23
Cade Cunningham,20,31,32.4,38.6,32.2,84.6,3.8,2.9,5.7,5.4,1.3,0.6,15.4,145.2
Alperen Şengün,19,35,18.4,50.0,30.8,70.3,1.9,3.1,4.8,2.6,0.9,0.9,9.0,114.97
Herbert Jones,23,38,28.7,47.9,37.3,81.8,1.1,3.0,3.7,1.8,1.4,1.0,8.7,101.52
Chris Duarte,24,34,28.6,43.4,35.199999999999996,70.7,1.7,1.7,4.0,2.1,1.0,0.1,13.1,96.57
Omer Yurtseven,23,31,14.8,46.800000000000004,14.299999999999999,63.4,0.9,1.7,6.4,1.0,0.5,0.5,5.6,83.35
Jeremiah Robinson-Earl,21,36,22.8,41.5,34.4,69.19999999999999,0.9,1.6,5.6,0.9,0.5,0.3,7.4,77.36
Jalen Green,19,27,30.2,40.2,32.2,81.8,2.6,1.4,3.0,2.1,0.6,0.2,15.2,72.6
Keifer Sykes,28,7,26.9,42.6,30.3,88.9,1.4,2.6,2.7,3.6,0.6,0.1,10.0,71.08
Kessler Edwards,21,8,20.3,42.3,41.699999999999996,0.0,1.1,1.1,4.6,1.1,0.6,0.6,6.8,58.91
Aaron Wiggins,23,22,20.9,49.6,31.5,71.0,0.8,1.9,3.1,1.1,0.7,0.2,7.1,54.83
David Duke,22,10,21.4,35.8,15.0,80.0,0.6,2.5,4.9,1.1,0.7,0.5,6.3,54.18
