Player,Age,G,MP,FG%,3P%,FT%,TOV,PF,REB,AST,STL,BLK,PTS,ROY Score
Scottie Barnes,20,8,35.4,52.1,22.2,70.8,2.2,2.5,8.9,2.3,0.6,0.8,17.6,307.86
Evan Mobley,20,10,34.2,49.1,15.4,78.8,1.8,2.3,7.9,2.3,1.0,1.3,13.8,254.74
Josh Giddey,19,8,29.5,41.699999999999996,28.599999999999998,61.5,2.2,2.1,6.0,6.1,1.6,0.8,10.5,172.02
Chris Duarte,24,10,33.9,44.3,42.4,92.30000000000001,1.8,2.2,4.4,2.4,1.0,0.1,16.1,143.28
Franz Wagner,20,10,31.8,47.5,39.6,66.7,0.9,2.2,3.5,1.9,1.1,0.6,14.1,136.07
Alperen Şengün,19,8,20.4,42.6,30.0,75.0,2.9,3.6,4.4,2.5,2.1,0.4,8.8,88.17
Jalen Green,19,8,32.8,35.699999999999996,32.2,76.0,2.8,1.6,3.6,3.3,0.8,0.5,14.8,67.76
Davion Mitchell,23,9,27.0,41.3,28.599999999999998,63.6,0.9,2.4,2.2,3.6,0.7,0.2,10.6,61.71
Bones Hyland,21,5,14.8,44.1,36.4,0.0,0.6,1.2,1.4,2.2,1.2,0.2,7.6,45.1
Herb Jones,23,8,24.4,53.7,20.0,60.0,1.4,2.9,2.3,1.6,1.1,0.5,6.0,39.65
Dalano Banton,22,10,12.0,57.9,42.9,54.50000000000001,0.8,1.3,2.3,1.1,0.7,0.3,5.3,36.5
Jeremiah Robinson-Earl,21,8,16.6,53.300000000000004,40.0,50.0,1.1,0.8,3.5,0.4,0.2,0.1,5.0,31.28
Jalen Suggs,20,10,29.0,31.0,22.8,84.6,3.5,3.0,3.3,3.4,0.9,0.5,12.6,31.12
Austin Reaves,23,8,20.3,51.6,35.0,100.0,0.9,1.9,1.6,0.8,0.2,0.2,5.4,22.34
Trey Murphy,21,10,20.8,32.1,35.699999999999996,80.0,0.8,1.7,2.5,1.0,0.3,0.3,5.5,16.75
