Player,Age,G,MP,FG%,3P%,FT%,TOV,PF,REB,AST,STL,BLK,PTS,ROY Score
Scottie Barnes,20,55,35.3,48.5,31.0,74.2,2.0,2.6,7.5,3.3,1.1,0.8,14.9,261.41
Evan Mobley,20,55,34.0,49.7,25.0,68.2,2.0,2.1,8.0,2.5,0.8,1.7,14.5,260.45
Josh Giddey,19,54,31.5,41.9,26.3,70.89999999999999,3.2,1.6,7.8,6.4,0.9,0.4,12.5,198.17
Franz Wagner,20,64,31.9,46.6,36.5,85.2,1.6,2.2,4.7,3.0,0.9,0.5,15.7,183.61
Cade Cunningham,20,50,31.9,40.0,32.2,84.2,3.5,3.1,5.8,5.1,1.2,0.6,16.3,161.82
Herbert Jones,23,60,30.0,48.5,34.5,86.3,1.2,3.1,4.0,2.1,1.5,0.9,9.4,121.31
Chris Duarte,24,52,28.3,43.4,36.5,79.60000000000001,1.7,1.7,4.1,2.2,1.1,0.2,13.3,109.26
Alperen Şengün,19,55,18.8,47.3,25.3,69.5,2.0,2.9,4.9,2.4,0.8,0.9,8.9,102.96
Ayo Dosunmu,22,59,26.5,52.800000000000004,40.400000000000006,67.7,1.3,2.3,2.8,3.2,0.7,0.4,8.4,83.44
Jalen Green,19,48,31.0,39.800000000000004,31.3,80.4,2.1,1.5,3.2,2.4,0.7,0.2,15.1,83.36
Omer Yurtseven,23,45,13.7,53.900000000000006,14.299999999999999,63.6,0.8,1.7,5.7,1.0,0.3,0.4,6.0,82.83
Jeremiah Robinson-Earl,21,44,23.0,40.1,33.300000000000004,71.39999999999999,0.8,1.7,5.8,1.0,0.6,0.3,7.1,78.73
Jalen Suggs,20,43,28.0,36.6,22.6,76.7,3.1,3.1,3.7,4.5,1.3,0.4,12.5,72.61
Day'Ron Sharpe,20,32,12.2,57.699999999999996,28.599999999999998,58.5,0.9,1.9,5.0,0.5,0.3,0.5,6.2,69.09
Aaron Wiggins,23,37,22.3,46.7,30.099999999999998,70.6,0.8,1.9,3.4,1.0,0.7,0.2,7.0,51.99
