Player,Age,G,MP,FG%,3P%,FT%,TOV,PF,REB,AST,STL,BLK,PTS,ROY Score
Scottie Barnes,20,71,35.5,49.1,30.099999999999998,73.2,1.8,2.6,7.6,3.5,1.1,0.8,15.5,284.86
Evan Mobley,20,67,33.9,50.6,25.3,66.4,2.0,2.2,8.3,2.5,0.8,1.6,14.9,281.2
Josh Giddey,19,54,31.5,41.9,26.3,70.89999999999999,3.2,1.6,7.8,6.4,0.9,0.4,12.5,198.17
Cade Cunningham,20,62,32.4,41.9,31.900000000000002,83.89999999999999,3.6,3.1,5.5,5.5,1.2,0.7,17.3,180.09
Franz Wagner,20,79,30.7,46.800000000000004,35.6,86.3,1.5,2.1,4.5,2.9,0.9,0.4,15.2,172.14
Terry Taylor,22,31,21.3,62.9,34.300000000000004,69.6,0.7,1.8,5.2,1.2,0.4,0.3,9.6,139.04
Alperen Şengün,19,70,20.3,47.5,25.7,70.7,2.0,2.9,5.5,2.5,0.8,1.0,9.5,122.72
Jalen Green,19,65,31.7,42.4,34.5,80.10000000000001,2.0,1.6,3.4,2.6,0.7,0.3,17.0,119.95
Herbert Jones,23,76,30.2,47.5,33.900000000000006,83.89999999999999,1.3,3.1,3.8,2.2,1.7,0.8,9.6,118.37
Chris Duarte,24,55,28.0,43.2,36.9,80.4,1.6,1.7,4.1,2.1,1.0,0.2,13.1,105.39
Trendon Watford,21,48,18.1,53.2,23.7,75.5,0.9,2.4,4.1,1.7,0.5,0.6,7.6,86.59
Isaiah Jackson,20,34,14.1,56.3,26.700000000000003,67.5,1.1,2.5,4.1,0.3,0.6,1.4,8.1,86.49
Jeremiah Robinson-Earl,21,48,22.3,40.8,34.599999999999994,72.0,0.8,1.5,5.7,1.0,0.6,0.3,7.3,81.3
Ayo Dosunmu,22,74,27.2,51.5,36.7,68.10000000000001,1.3,2.4,2.8,3.3,0.7,0.4,8.5,80.49
Day'Ron Sharpe,20,32,12.2,57.699999999999996,28.599999999999998,58.5,0.9,1.9,5.0,0.5,0.3,0.5,6.2,69.09
