Player,Age,G,MP,FG%,3P%,FT%,TOV,PF,REB,AST,STL,BLK,PTS,ROY Score
Evan Mobley,20,50,34.1,50.3,26.5,67.2,2.0,2.0,8.1,2.6,0.8,1.6,14.9,279.01
Scottie Barnes,20,49,35.4,47.0,31.3,73.3,1.8,2.7,7.4,3.3,1.0,0.8,14.4,241.72
Josh Giddey,19,53,31.4,41.8,26.700000000000003,70.5,3.2,1.6,7.8,6.4,0.9,0.4,12.4,195.9
Franz Wagner,20,60,32.0,46.6,36.199999999999996,85.39999999999999,1.6,2.1,4.6,3.0,0.9,0.5,15.6,177.74
Cade Cunningham,20,44,31.8,39.4,32.7,85.6,3.5,3.0,5.5,5.2,1.3,0.7,15.7,146.54
Herbert Jones,23,56,29.9,49.9,35.8,85.5,1.2,3.1,3.9,2.1,1.4,0.9,9.6,123.26
Chris Duarte,24,50,28.7,43.5,36.4,79.2,1.7,1.7,4.1,2.2,1.0,0.2,13.4,110.42
Alperen Şengün,19,50,18.7,48.1,27.700000000000003,69.8,2.0,2.9,4.8,2.5,0.8,0.9,8.7,101.02
Omer Yurtseven,23,42,14.1,53.800000000000004,14.299999999999999,63.0,0.9,1.7,6.0,1.0,0.4,0.4,6.2,90.2
Jeremiah Robinson-Earl,21,44,23.0,40.1,33.300000000000004,71.39999999999999,0.8,1.7,5.8,1.0,0.6,0.3,7.1,78.73
Ayo Dosunmu,22,54,25.9,52.300000000000004,40.699999999999996,67.7,1.2,2.2,2.8,3.1,0.7,0.4,8.1,78.43
Jalen Suggs,20,39,28.2,36.7,22.8,77.60000000000001,3.0,3.0,3.7,4.4,1.3,0.4,12.6,73.81
Jalen Green,19,43,30.4,38.7,31.1,81.8,2.2,1.6,3.1,2.3,0.6,0.2,14.6,70.98
Day'Ron Sharpe,20,30,12.4,57.099999999999994,25.0,56.8,1.0,2.0,5.1,0.5,0.3,0.5,6.1,68.88
Aaron Wiggins,23,34,22.4,46.400000000000006,30.7,70.6,0.8,2.0,3.4,1.1,0.7,0.2,7.1,54.35
