Player,Age,G,MP,FG%,3P%,FT%,TOV,PF,REB,AST,STL,BLK,PTS,ROY Score
Evan Mobley,20,15,33.7,49.4,30.8,77.10000000000001,1.8,2.0,8.0,2.5,1.0,1.6,14.6,285.19
Scottie Barnes,20,16,34.9,48.0,25.0,72.0,2.1,2.6,8.4,3.3,1.1,0.6,14.6,259.83
Josh Giddey,19,17,29.4,39.7,25.4,63.6,2.7,1.7,7.3,5.7,1.1,0.6,10.3,157.38
Cade Cunningham,20,11,31.6,35.0,25.3,90.9,3.2,2.3,6.4,4.6,1.4,0.5,14.1,125.53
Alperen Şengün,19,16,18.8,47.5,38.9,67.2,2.0,3.1,4.8,2.4,1.2,0.5,8.8,104.92
Franz Wagner,20,18,31.0,42.3,36.0,79.4,1.1,2.6,3.9,2.0,1.1,0.5,12.4,103.24
Chris Duarte,24,17,29.9,42.5,38.800000000000004,73.7,1.6,1.9,4.3,2.1,0.9,0.1,13.1,94.35
Jeremiah Robinson-Earl,21,17,20.9,44.1,36.5,63.6,0.8,1.3,5.5,0.7,0.7,0.4,6.8,77.05
Herb Jones,23,16,24.9,47.099999999999994,33.300000000000004,78.60000000000001,1.2,2.9,3.1,1.6,1.1,0.7,6.0,49.59
Jalen Green,19,17,32.1,37.2,27.400000000000002,80.0,2.9,1.6,3.2,2.4,0.6,0.2,14.2,49.34
Davion Mitchell,23,18,25.3,36.8,26.700000000000003,58.8,1.1,2.4,2.7,3.6,0.8,0.2,8.7,43.78
Jalen Suggs,20,17,27.4,32.4,25.0,79.2,3.2,2.7,3.4,3.4,0.9,0.4,11.8,31.88
Austin Reaves,23,10,21.3,47.8,32.1,100.0,0.8,2.1,2.0,1.0,0.3,0.2,6.1,30.08
Bones Hyland,21,14,15.4,35.8,31.7,92.9,0.8,1.6,2.0,1.6,0.7,0.2,7.2,28.93
Dalano Banton,22,18,13.2,50.0,38.5,75.0,1.1,1.6,2.2,1.4,0.5,0.3,5.2,28.55
