Player,Age,G,MP,FG%,3P%,FT%,TOV,PF,REB,AST,STL,BLK,PTS,ROY Score
Evan Mobley,20,24,33.5,48.199999999999996,33.300000000000004,77.5,1.6,2.2,8.5,2.5,0.9,1.9,14.0,294.28
Scottie Barnes,20,24,36.0,48.9,34.0,72.3,2.0,2.8,8.3,3.3,1.2,0.9,15.1,292.34
Franz Wagner,20,28,32.0,45.300000000000004,39.0,79.10000000000001,1.3,2.4,4.4,2.8,1.1,0.5,14.3,155.65
Cade Cunningham,20,21,32.1,38.2,32.2,82.6,3.9,2.5,6.2,4.6,1.4,0.6,15.8,145.79
Josh Giddey,19,24,29.6,39.4,24.7,70.0,3.0,1.9,6.7,5.8,1.0,0.6,10.4,135.27
Alperen Şengün,19,25,17.9,50.7,35.699999999999996,71.1,1.8,3.0,4.5,2.6,1.1,0.7,9.0,117.47
Chris Duarte,24,26,29.5,42.6,34.300000000000004,74.4,1.6,1.8,4.0,2.1,1.1,0.1,13.3,94.48
Jeremiah Robinson-Earl,21,26,21.7,42.1,34.9,66.7,0.8,1.5,5.8,0.8,0.5,0.3,7.0,77.05
Herb Jones,23,26,26.9,46.2,37.0,76.7,1.2,2.9,3.3,1.8,1.4,0.9,6.9,67.9
Jalen Green,19,18,30.8,38.2,27.800000000000004,80.7,2.7,1.6,3.1,2.3,0.6,0.2,14.0,52.15
Davion Mitchell,23,27,25.5,39.2,29.9,66.7,1.0,2.2,2.5,3.5,0.8,0.2,9.6,51.87
Jalen Suggs,20,21,27.8,33.900000000000006,25.5,76.3,3.2,2.8,3.4,3.6,1.1,0.4,12.3,44.51
Bones Hyland,21,18,16.1,37.9,34.9,95.19999999999999,0.8,1.8,1.7,1.7,0.8,0.2,8.3,35.39
Ayo Dosunmu,22,25,17.9,50.4,41.5,57.9,0.8,1.5,2.1,1.2,0.4,0.2,6.0,29.88
Austin Reaves,23,16,18.9,46.800000000000004,31.4,88.2,0.7,1.6,2.2,1.0,0.2,0.1,5.3,27.09
