Player,Age,G,MP,FG%,3P%,FT%,TOV,PF,REB,AST,STL,BLK,PTS,ROY Score
Evan Mobley,20,69,33.8,50.8,25.0,66.3,1.9,2.1,8.3,2.5,0.8,1.7,15.0,287.45
Scottie Barnes,20,74,35.4,49.2,30.099999999999998,73.5,1.8,2.6,7.5,3.5,1.1,0.7,15.3,276.56
Josh Giddey,19,54,31.5,41.9,26.3,70.89999999999999,3.2,1.6,7.8,6.4,0.9,0.4,12.5,198.17
Cade Cunningham,20,64,32.6,41.6,31.4,84.5,3.7,3.1,5.5,5.6,1.2,0.7,17.4,180.81
Franz Wagner,20,79,30.7,46.800000000000004,35.4,86.3,1.5,2.1,4.5,2.9,0.9,0.4,15.2,172.14
Terry Taylor,22,33,21.6,61.4,31.6,70.6,0.7,1.8,5.2,1.2,0.4,0.2,9.6,136.25
Alperen Şengün,19,72,20.7,47.4,24.8,71.1,2.0,3.0,5.5,2.6,0.8,0.9,9.6,125.07
Jalen Green,19,67,31.9,42.6,34.300000000000004,79.7,2.0,1.5,3.4,2.6,0.7,0.3,17.3,124.19
Herbert Jones,23,78,29.9,47.599999999999994,33.7,84.0,1.3,3.1,3.8,2.1,1.7,0.8,9.5,116.14
Chris Duarte,24,55,28.0,43.2,36.9,80.4,1.6,1.7,4.1,2.1,1.0,0.2,13.1,105.39
Isaiah Jackson,20,36,15.0,56.3,31.3,68.2,1.1,2.6,4.1,0.3,0.7,1.4,8.3,89.45
Trendon Watford,21,48,18.1,53.2,23.7,75.5,0.9,2.4,4.1,1.7,0.5,0.6,7.6,86.59
Ayo Dosunmu,22,77,27.4,52.0,37.6,67.9,1.4,2.4,2.8,3.3,0.8,0.4,8.8,83.14
Jeremiah Robinson-Earl,21,49,22.2,41.4,35.199999999999996,74.1,0.8,1.5,5.6,1.0,0.6,0.3,7.5,82.79
Bones Hyland,21,69,19.0,40.300000000000004,36.6,85.6,1.2,2.2,2.7,2.8,0.6,0.3,10.1,70.25
