Player,Age,G,MP,FG%,3P%,FT%,TOV,PF,REB,AST,STL,BLK,PTS,ROY Score
Scottie Barnes,20,22,35.6,48.9,35.699999999999996,72.3,2.0,2.8,8.0,3.2,1.2,0.8,15.1,275.76
Evan Mobley,20,21,33.9,46.5,33.300000000000004,78.5,1.7,2.1,8.1,2.6,0.9,1.8,14.0,270.06
Josh Giddey,19,21,29.4,40.300000000000004,25.4,67.9,2.8,1.8,6.8,5.8,1.0,0.6,10.4,147.29
Franz Wagner,20,25,31.6,44.0,36.5,79.2,1.2,2.4,4.3,2.8,1.2,0.5,13.6,140.84
Cade Cunningham,20,18,31.7,37.9,30.8,84.39999999999999,3.8,2.6,6.6,4.6,1.2,0.6,14.9,139.81
Alperen Şengün,19,22,18.0,48.8,37.0,70.1,1.8,3.0,4.5,2.6,1.1,0.6,8.6,108.31
Chris Duarte,24,24,29.6,41.9,34.599999999999994,71.0,1.7,1.8,4.1,2.0,1.1,0.1,13.1,86.64
Jeremiah Robinson-Earl,21,23,21.9,41.8,33.800000000000004,64.7,0.9,1.4,5.8,0.9,0.6,0.3,6.8,74.66
Herb Jones,23,23,26.4,45.5,33.300000000000004,79.2,1.1,3.1,3.2,1.7,1.5,0.8,6.4,59.91
Jalen Green,19,18,30.8,38.2,27.800000000000004,80.7,2.7,1.6,3.1,2.3,0.6,0.2,14.0,52.15
Jalen Suggs,20,21,27.8,33.900000000000006,25.5,76.3,3.2,2.8,3.4,3.6,1.1,0.4,12.3,44.51
Davion Mitchell,23,24,25.6,37.3,28.1,65.4,1.1,2.4,2.6,3.4,0.8,0.2,9.1,44.15
Bones Hyland,21,15,15.8,38.5,35.199999999999996,93.8,0.9,1.7,1.9,1.7,0.7,0.2,8.0,37.37
Ayo Dosunmu,22,24,17.2,49.6,41.5,58.8,0.8,1.4,2.2,1.1,0.4,0.2,6.0,29.11
Dalano Banton,22,24,13.1,47.699999999999996,33.300000000000004,75.0,1.1,1.5,2.4,1.7,0.4,0.2,4.5,25.81
