Player,Age,G,MP,FG%,3P%,FT%,TOV,PF,REB,AST,STL,BLK,PTS,ROY Score
Scottie Barnes,20,19,35.3,48.5,32.1,73.0,2.1,2.6,8.3,3.3,1.1,0.6,15.2,276.74
Evan Mobley,20,17,33.8,49.0,31.3,75.5,1.9,2.0,8.0,2.5,0.9,1.8,14.4,275.61
Josh Giddey,19,20,29.4,39.1,25.7,65.4,2.8,1.8,7.2,5.8,1.0,0.6,10.4,152.49
Franz Wagner,20,22,31.5,42.8,35.199999999999996,77.10000000000001,1.1,2.4,4.4,2.4,1.0,0.5,13.4,126.83
Cade Cunningham,20,15,31.3,33.5,24.5,86.7,3.5,2.4,6.5,4.8,1.3,0.5,13.0,104.02
Alperen Şengün,19,19,18.2,49.1,40.9,66.2,2.0,2.9,4.7,2.5,1.2,0.5,8.5,102.37
Chris Duarte,24,21,29.2,41.9,36.8,66.7,1.7,1.9,4.1,2.0,0.9,0.1,13.1,82.75
Jeremiah Robinson-Earl,21,20,21.5,44.0,38.1,63.6,0.8,1.4,5.6,0.8,0.6,0.4,7.1,80.3
Herb Jones,23,20,26.2,47.699999999999996,29.4,80.0,1.2,3.0,3.3,1.7,1.6,0.6,6.4,65.42
Jalen Green,19,18,30.8,38.2,27.800000000000004,80.7,2.7,1.6,3.1,2.3,0.6,0.2,14.0,52.15
Davion Mitchell,23,21,25.4,37.6,26.8,60.9,1.0,2.4,2.7,3.5,0.7,0.2,9.0,46.85
Jalen Suggs,20,21,27.8,33.900000000000006,25.5,76.3,3.2,2.8,3.4,3.6,1.1,0.4,12.3,44.51
Bones Hyland,21,15,15.8,38.5,35.199999999999996,93.8,0.9,1.7,1.9,1.7,0.7,0.2,8.0,37.37
Luka Garza,23,11,11.6,44.7,35.699999999999996,80.0,0.3,1.7,2.4,0.6,0.5,0.1,4.3,24.71
Dalano Banton,22,21,12.9,50.7,33.300000000000004,75.0,1.1,1.5,2.1,1.4,0.4,0.2,4.7,24.04
