Player,Age,G,MP,FG%,3P%,FT%,TOV,PF,REB,AST,STL,BLK,PTS,ROY Score
Scottie Barnes,20,13,35.5,51.2,18.2,79.10000000000001,2.2,2.7,8.3,2.8,1.0,0.6,16.3,295.47
Evan Mobley,20,15,33.7,49.4,30.8,77.10000000000001,1.8,2.0,8.0,2.5,1.0,1.6,14.6,285.19
Josh Giddey,19,13,28.8,37.1,25.6,61.5,2.8,1.8,6.6,6.2,1.2,0.6,9.0,127.76
Franz Wagner,20,14,32.2,44.5,37.1,76.0,1.1,2.5,3.9,1.9,1.4,0.6,13.4,124.26
Alperen Şengün,19,13,19.3,48.199999999999996,37.5,66.7,2.2,3.2,4.8,2.2,1.4,0.6,9.4,109.72
Chris Duarte,24,14,32.1,43.1,40.300000000000004,76.5,1.7,2.0,4.4,2.1,0.9,0.1,14.3,109.1
Cade Cunningham,20,8,30.0,34.8,27.6,92.9,3.6,2.2,5.5,3.6,1.0,0.4,13.4,73.15
Jeremiah Robinson-Earl,21,13,18.8,45.5,41.9,50.0,0.9,1.0,4.9,0.7,0.5,0.3,5.8,56.5
Davion Mitchell,23,14,26.3,40.1,29.799999999999997,63.6,1.1,2.5,2.4,3.9,0.7,0.3,9.6,56.12
Herb Jones,23,12,24.8,50.0,38.5,78.60000000000001,1.5,3.2,3.0,1.5,1.1,0.6,7.0,54.1
Bones Hyland,21,11,16.5,40.5,34.0,91.7,0.8,1.6,2.0,2.1,0.9,0.2,8.5,50.86
Jalen Green,19,14,31.9,36.0,27.400000000000002,78.60000000000001,3.1,1.8,3.4,2.6,0.7,0.3,13.9,41.93
Dalano Banton,22,15,12.6,52.6,36.4,66.7,1.0,1.5,2.3,1.3,0.6,0.3,5.1,31.55
Austin Reaves,23,10,21.3,47.8,32.1,100.0,0.8,2.1,2.0,1.0,0.3,0.2,6.1,30.08
Jalen Suggs,20,13,28.1,31.2,20.3,83.7,3.5,2.7,3.3,3.5,0.8,0.4,11.3,23.35
