Player,Age,G,MP,FG%,3P%,FT%,TOV,PF,REB,AST,STL,BLK,PTS,ROY Score
Evan Mobley,20,16,33.8,48.9,33.300000000000004,76.0,1.8,1.9,8.1,2.5,0.9,1.8,14.5,286.29
Scottie Barnes,20,18,35.2,48.9,26.3,72.89999999999999,2.1,2.6,8.3,3.3,1.1,0.6,14.9,271.29
Josh Giddey,19,19,29.6,40.300000000000004,27.700000000000003,65.4,2.8,1.7,7.3,5.7,1.0,0.6,10.8,161.3
Franz Wagner,20,21,31.2,42.5,36.1,78.60000000000001,1.0,2.5,4.3,2.3,1.0,0.5,12.7,117.26
Alperen Şengün,19,18,18.3,48.6,40.9,66.2,2.1,3.0,4.8,2.5,1.2,0.6,8.8,106.73
Cade Cunningham,20,14,31.1,33.2,23.799999999999997,86.7,3.4,2.5,6.2,5.0,1.4,0.4,12.9,103.4
Chris Duarte,24,19,29.6,41.8,35.9,68.2,1.7,1.9,4.3,1.9,0.8,0.2,13.3,84.92
Jeremiah Robinson-Earl,21,19,21.4,45.4,40.699999999999996,63.6,0.9,1.4,5.5,0.8,0.6,0.4,7.3,82.98
Herb Jones,23,19,25.7,46.5,31.3,75.0,1.2,2.9,3.3,1.7,1.5,0.6,5.8,56.03
Jalen Green,19,18,30.8,38.2,27.800000000000004,80.7,2.7,1.6,3.1,2.3,0.6,0.2,14.0,52.15
Davion Mitchell,23,20,25.2,37.4,27.3,60.9,1.0,2.4,2.7,3.4,0.7,0.2,8.9,44.77
Jalen Suggs,20,20,27.7,33.6,24.8,76.5,3.2,2.8,3.4,3.5,1.2,0.4,12.1,40.93
Austin Reaves,23,10,21.3,47.8,32.1,100.0,0.8,2.1,2.0,1.0,0.3,0.2,6.1,30.08
Bones Hyland,21,14,15.4,35.8,31.7,92.9,0.8,1.6,2.0,1.6,0.7,0.2,7.2,28.93
Dalano Banton,22,20,13.4,50.7,33.300000000000004,75.0,1.2,1.6,2.2,1.5,0.4,0.2,5.0,27.36
