Player,Age,G,MP,FG%,3P%,FT%,TOV,PF,REB,AST,STL,BLK,PTS,ROY Score
Evan Mobley,20,49,34.0,50.2,27.3,67.2,2.0,2.0,8.0,2.5,0.8,1.7,14.7,266.38
Scottie Barnes,20,48,35.5,47.0,31.3,73.3,1.9,2.8,7.5,3.3,1.0,0.8,14.5,244.52
Josh Giddey,19,52,31.3,41.8,26.700000000000003,70.5,3.2,1.6,7.7,6.3,0.9,0.4,12.3,190.11
Franz Wagner,20,59,32.0,46.5,36.199999999999996,85.3,1.6,2.1,4.6,3.0,0.9,0.5,15.6,176.16
Terry Taylor,22,11,16.3,55.400000000000006,50.0,83.3,0.4,1.8,6.5,1.5,0.1,0.2,8.7,145.93
Cade Cunningham,20,43,31.7,39.5,32.300000000000004,86.4,3.5,3.0,5.4,5.1,1.3,0.7,15.6,145.1
Herbert Jones,23,54,29.9,50.0,36.5,84.8,1.2,3.1,3.9,2.1,1.5,0.9,9.6,125.22
Chris Duarte,24,50,28.7,43.5,36.4,79.2,1.7,1.7,4.1,2.2,1.0,0.2,13.4,110.42
Alperen Şengün,19,48,18.6,47.699999999999996,25.0,69.39999999999999,2.0,2.9,4.6,2.5,0.8,0.9,8.6,94.74
Omer Yurtseven,23,40,14.1,52.6,14.299999999999999,63.5,0.8,1.7,5.9,1.1,0.4,0.4,6.0,87.0
Jeremiah Robinson-Earl,21,44,23.0,40.1,33.300000000000004,71.39999999999999,0.8,1.7,5.8,1.0,0.6,0.3,7.1,78.73
Ayo Dosunmu,22,53,25.6,52.800000000000004,41.3,65.5,1.2,2.2,2.7,3.0,0.7,0.4,8.1,77.11
Jalen Suggs,20,38,28.0,36.9,23.400000000000002,77.0,3.1,3.0,3.7,4.4,1.3,0.4,12.4,72.36
Day'Ron Sharpe,20,29,12.8,57.099999999999994,25.0,56.8,1.0,2.1,5.2,0.5,0.3,0.5,6.3,72.01
Jalen Green,19,41,30.3,38.2,30.0,81.89999999999999,2.3,1.5,3.2,2.4,0.6,0.2,14.4,69.08
