Player,Age,G,MP,FG%,3P%,FT%,TOV,PF,REB,AST,STL,BLK,PTS,ROY Score
Scottie Barnes,20,7,34.9,55.1,22.2,70.8,2.4,2.7,8.9,2.0,0.7,0.6,18.1,332.82
Evan Mobley,20,8,33.0,49.4,22.2,77.8,1.5,2.4,7.9,2.6,1.2,1.4,13.6,282.07
Josh Giddey,19,7,29.1,44.0,31.6,63.6,2.0,2.1,5.7,5.9,1.4,0.7,11.3,184.18
Franz Wagner,20,8,32.1,50.5,46.300000000000004,66.7,1.0,2.0,3.6,1.9,1.1,0.6,15.6,174.75
Chris Duarte,24,8,34.9,43.5,42.3,92.30000000000001,2.0,2.4,4.5,2.4,0.9,0.1,17.8,152.3
Alperen Şengün,19,7,20.0,43.2,25.0,76.9,3.0,3.4,4.4,2.1,2.3,0.4,8.6,87.29
Jalen Green,19,7,32.7,37.8,32.7,64.7,2.9,1.7,3.7,3.3,0.9,0.6,14.6,68.99
Jeremiah Robinson-Earl,21,7,17.6,53.300000000000004,40.0,50.0,1.1,0.7,4.0,0.4,0.3,0.1,5.7,41.99
Jalen Suggs,20,8,29.8,30.8,23.9,87.9,3.5,3.1,3.6,3.6,1.0,0.4,13.0,41.63
Herb Jones,23,8,24.4,53.7,20.0,60.0,1.4,2.9,2.3,1.6,1.1,0.5,6.0,39.65
Davion Mitchell,23,7,27.4,37.7,22.900000000000002,50.0,1.0,2.3,2.0,2.9,0.9,0.3,9.1,31.83
Dalano Banton,22,8,11.6,51.7,50.0,57.099999999999994,0.8,1.0,2.3,1.3,0.6,0.4,4.6,30.48
Trey Murphy,21,8,21.9,35.6,39.4,80.0,0.9,2.0,2.5,0.8,0.4,0.1,6.1,20.59
Austin Reaves,23,7,20.0,52.0,33.300000000000004,100.0,1.0,1.9,1.6,0.9,0.1,0.3,5.0,19.26
Ayo Dosunmu,22,6,12.8,42.3,57.099999999999994,50.0,0.5,0.8,2.2,1.2,0.2,0.3,4.5,19.17
