Player,Age,G,MP,FG%,3P%,FT%,TOV,PF,REB,AST,STL,BLK,PTS,ROY Score
Scottie Barnes,20,28,35.8,49.3,35.9,72.7,1.9,2.8,8.1,3.3,1.1,1.0,15.5,299.28
Evan Mobley,20,29,33.6,50.1,31.3,76.2,1.7,2.2,8.2,2.6,0.8,1.8,14.7,298.73
Franz Wagner,20,38,32.4,45.1,37.0,83.6,1.5,2.3,4.6,2.7,1.1,0.5,15.9,175.75
Josh Giddey,19,31,30.2,39.0,26.1,65.10000000000001,2.8,1.7,7.3,6.4,1.0,0.5,11.0,164.18
Cade Cunningham,20,26,32.5,38.9,31.8,84.89999999999999,3.8,2.8,6.2,5.3,1.3,0.7,15.4,156.7
Alperen Şengün,19,35,18.4,50.0,30.8,70.3,1.9,3.1,4.8,2.6,0.9,0.9,9.0,114.97
Chris Duarte,24,33,28.9,43.6,35.3,71.2,1.7,1.7,4.0,2.2,1.0,0.1,13.2,97.04
Herbert Jones,23,34,28.2,47.599999999999994,34.0,80.80000000000001,1.1,3.1,3.8,1.8,1.4,1.0,8.3,95.34
Kessler Edwards,21,5,25.4,45.0,41.199999999999996,0.0,1.2,1.2,5.0,1.2,0.6,0.6,8.6,80.08
Jeremiah Robinson-Earl,21,32,22.4,42.4,34.9,68.60000000000001,0.9,1.5,5.8,0.8,0.5,0.2,7.5,79.75
David Duke,22,6,24.3,34.699999999999996,14.299999999999999,77.8,0.5,2.5,6.0,1.2,1.0,0.7,7.2,77.26
Jalen Green,19,23,30.5,39.5,32.7,82.6,2.6,1.6,2.9,2.2,0.7,0.2,15.3,72.18
Davion Mitchell,23,32,25.2,40.5,31.5,66.7,1.0,2.0,2.4,3.4,0.7,0.2,9.7,53.57
Aaron Wiggins,23,18,20.0,53.6,36.6,69.19999999999999,0.8,1.9,2.9,0.9,0.6,0.2,6.8,51.29
Hassani Gravett,25,8,21.4,47.4,42.3,75.0,1.1,1.6,2.6,2.5,0.6,0.1,6.3,50.83
