Player,Age,G,MP,FG%,3P%,FT%,TOV,PF,REB,AST,STL,BLK,PTS,ROY Score
Scottie Barnes,20,7,34.9,55.1,22.2,70.8,2.4,2.7,8.9,2.0,0.7,0.6,18.1,332.82
Evan Mobley,20,7,32.0,50.0,28.599999999999998,80.0,1.1,2.1,7.6,2.6,1.1,1.4,13.4,290.05
Josh Giddey,19,6,28.2,45.0,33.300000000000004,55.60000000000001,2.0,1.8,5.8,5.7,1.3,0.5,10.7,173.88
Franz Wagner,20,7,32.3,49.4,43.8,71.39999999999999,1.1,2.3,3.6,1.9,1.0,0.6,13.9,138.42
Chris Duarte,24,7,35.9,42.5,39.1,90.9,2.1,2.4,4.7,2.4,0.9,0.1,17.7,136.94
Alperen Şengün,19,5,18.8,43.3,33.300000000000004,75.0,2.4,3.4,4.0,1.8,2.4,0.6,8.6,93.96
Jalen Green,19,5,32.0,34.699999999999996,31.6,77.8,1.8,1.2,3.8,2.6,1.0,0.8,14.2,65.88
Jalen Suggs,20,7,29.4,30.0,25.0,86.2,3.3,3.1,3.6,4.0,1.1,0.3,12.7,45.33
Eugene Omoruyi,24,1,9.0,50.0,50.0,50.0,0.0,1.0,3.0,1.0,0.0,0.0,6.0,44.0
Bones Hyland,21,3,12.3,50.0,41.699999999999996,0.0,0.7,1.3,0.7,2.3,1.0,0.3,7.0,42.8
Jeremiah Robinson-Earl,21,6,16.7,55.60000000000001,46.2,50.0,1.3,0.7,3.7,0.3,0.2,0.2,6.2,39.96
Herb Jones,23,7,25.1,50.0,20.0,60.0,1.6,3.3,2.3,1.7,1.1,0.6,5.7,33.19
Austin Reaves,23,5,19.8,55.00000000000001,41.699999999999996,100.0,0.6,1.6,1.4,1.2,0.0,0.2,6.2,31.68
Davion Mitchell,23,5,27.4,34.8,24.0,50.0,0.6,1.6,2.0,3.0,1.2,0.0,8.0,31.16
Dalano Banton,22,7,12.0,50.0,50.0,57.099999999999994,0.9,1.0,2.1,1.4,0.7,0.1,4.7,26.73
