Player,Age,G,MP,FG%,3P%,FT%,TOV,PF,REB,AST,STL,BLK,PTS,ROY Score
Evan Mobley,20,6,33.8,53.0,33.300000000000004,80.0,1.3,2.3,8.2,2.3,1.3,1.7,15.3,369.44
Scottie Barnes,20,6,35.0,55.60000000000001,25.0,77.8,2.7,2.8,8.3,2.2,0.7,0.7,17.7,313.35
Josh Giddey,19,5,28.2,44.9,38.5,62.5,2.0,1.8,6.2,5.6,1.4,0.4,10.8,190.4
Chris Duarte,24,6,36.5,42.199999999999996,40.0,90.9,1.7,2.7,4.5,1.8,0.8,0.2,18.7,141.62
Franz Wagner,20,6,33.0,48.4,42.3,71.39999999999999,1.2,2.5,3.7,1.8,1.0,0.7,13.0,126.22
Alperen Şengün,19,5,18.8,43.3,33.300000000000004,75.0,2.4,3.4,4.0,1.8,2.4,0.6,8.6,93.96
Jalen Green,19,5,32.0,34.699999999999996,31.6,77.8,1.8,1.2,3.8,2.6,1.0,0.8,14.2,65.88
Jeremiah Robinson-Earl,21,5,16.2,57.099999999999994,54.50000000000001,50.0,1.2,0.8,3.8,0.2,0.2,0.2,6.2,45.6
Eugene Omoruyi,24,1,9.0,50.0,50.0,50.0,0.0,1.0,3.0,1.0,0.0,0.0,6.0,44.0
Jalen Suggs,20,6,30.0,31.2,27.800000000000004,84.0,3.5,3.5,3.3,3.7,1.0,0.2,13.2,40.05
Bones Hyland,21,2,9.5,55.60000000000001,42.9,0.0,1.0,1.5,1.0,2.0,1.0,0.0,6.5,39.38
Dalano Banton,22,6,11.3,54.50000000000001,60.0,57.099999999999994,0.5,1.0,2.2,1.3,0.7,0.2,5.2,37.82
Austin Reaves,23,5,19.8,55.00000000000001,41.699999999999996,100.0,0.6,1.6,1.4,1.2,0.0,0.2,6.2,31.68
Davion Mitchell,23,5,27.4,34.8,24.0,50.0,0.6,1.6,2.0,3.0,1.2,0.0,8.0,31.16
Herb Jones,23,6,23.3,52.2,50.0,75.0,1.7,3.2,2.2,1.2,0.8,0.7,4.7,24.4
