Player,Age,G,MP,FG%,3P%,FT%,TOV,PF,REB,AST,STL,BLK,PTS,ROY Score
Evan Mobley,20,60,34.3,50.3,26.200000000000003,67.30000000000001,2.0,2.1,8.3,2.6,0.8,1.7,15.1,289.29
Scottie Barnes,20,60,35.6,49.1,31.4,73.2,1.9,2.6,7.6,3.4,1.2,0.8,15.3,280.73
Josh Giddey,19,54,31.5,41.9,26.3,70.89999999999999,3.2,1.6,7.8,6.4,0.9,0.4,12.5,198.17
Cade Cunningham,20,54,32.5,40.5,32.1,85.39999999999999,3.5,3.1,5.9,5.3,1.1,0.6,16.9,174.03
Franz Wagner,20,70,31.6,46.300000000000004,36.1,85.1,1.6,2.1,4.6,2.9,0.9,0.4,15.3,171.36
Herbert Jones,23,66,30.1,48.699999999999996,34.599999999999994,85.3,1.3,3.2,3.9,2.2,1.5,0.8,9.7,122.03
Alperen Şengün,19,60,19.3,47.099999999999994,25.3,68.8,2.0,3.0,5.1,2.4,0.8,1.0,9.0,105.49
Chris Duarte,24,55,28.0,43.2,36.9,80.4,1.6,1.7,4.1,2.1,1.0,0.2,13.1,105.39
Jalen Green,19,53,31.0,41.099999999999994,32.0,79.9,2.1,1.5,3.2,2.6,0.7,0.2,15.6,94.76
Ayo Dosunmu,22,63,26.9,52.7,39.2,66.7,1.4,2.3,2.8,3.2,0.8,0.4,8.5,83.07
Isaiah Jackson,20,30,13.6,55.900000000000006,30.8,65.3,1.0,2.5,4.2,0.3,0.5,1.4,7.7,80.0
Jeremiah Robinson-Earl,21,44,23.0,40.1,33.300000000000004,71.39999999999999,0.8,1.7,5.8,1.0,0.6,0.3,7.1,78.73
Omer Yurtseven,23,49,12.8,54.50000000000001,14.299999999999999,63.2,0.8,1.6,5.4,0.9,0.3,0.4,5.7,74.42
Trendon Watford,21,41,16.0,54.2,26.900000000000002,78.9,0.7,2.2,3.9,1.3,0.4,0.6,6.6,72.58
Day'Ron Sharpe,20,32,12.2,57.699999999999996,28.599999999999998,58.5,0.9,1.9,5.0,0.5,0.3,0.5,6.2,69.09
