Player,Age,G,MP,FG%,3P%,FT%,TOV,PF,REB,AST,STL,BLK,PTS,ROY Score
Scottie Barnes,20,7,34.9,55.1,22.2,70.8,2.4,2.7,8.9,2.0,0.7,0.6,18.1,332.82
Evan Mobley,20,9,33.8,49.0,20.0,75.9,1.8,2.3,8.2,2.3,1.1,1.3,13.3,258.14
Josh Giddey,19,8,29.5,41.699999999999996,28.599999999999998,61.5,2.2,2.1,6.0,6.1,1.6,0.8,10.5,172.02
Franz Wagner,20,9,32.0,49.5,41.699999999999996,66.7,0.9,2.2,3.6,1.7,1.1,0.6,14.9,156.68
Chris Duarte,24,9,34.8,43.6,42.9,92.30000000000001,1.9,2.3,4.6,2.2,1.0,0.1,16.9,147.35
Alperen Şengün,19,8,20.4,42.6,30.0,75.0,2.9,3.6,4.4,2.5,2.1,0.4,8.8,88.17
Jalen Green,19,8,32.8,35.699999999999996,32.2,76.0,2.8,1.6,3.6,3.3,0.8,0.5,14.8,67.76
Bones Hyland,21,5,14.8,44.1,36.4,0.0,0.6,1.2,1.4,2.2,1.2,0.2,7.6,45.1
Davion Mitchell,23,8,27.3,39.5,21.6,50.0,0.9,2.2,2.0,3.5,0.8,0.2,9.5,41.62
Herb Jones,23,8,24.4,53.7,20.0,60.0,1.4,2.9,2.3,1.6,1.1,0.5,6.0,39.65
Jalen Suggs,20,9,29.2,30.5,23.5,83.3,3.3,3.0,3.6,3.4,1.0,0.3,12.7,34.83
Dalano Banton,22,9,12.2,54.800000000000004,50.0,55.60000000000001,0.8,1.2,2.3,1.1,0.8,0.3,4.7,32.82
Jeremiah Robinson-Earl,21,8,16.6,53.300000000000004,40.0,50.0,1.1,0.8,3.5,0.4,0.2,0.1,5.0,31.28
Austin Reaves,23,8,20.3,51.6,35.0,100.0,0.9,1.9,1.6,0.8,0.2,0.2,5.4,22.34
Trey Murphy,21,9,21.0,34.0,38.2,80.0,0.9,1.8,2.7,1.0,0.3,0.1,5.4,19.05
