Player,Age,G,MP,FG%,3P%,FT%,TOV,PF,REB,AST,STL,BLK,PTS,ROY Score
Evan Mobley,20,4,33.0,55.00000000000001,25.0,85.7,2.0,2.5,8.3,2.8,1.2,2.0,14.3,365.48
Scottie Barnes,20,4,34.3,56.00000000000001,16.7,71.39999999999999,3.2,3.2,8.5,1.3,0.5,0.2,16.8,247.84
Chris Duarte,24,4,38.3,41.199999999999996,44.800000000000004,100.0,1.2,2.2,4.8,2.0,0.8,0.0,19.8,186.76
Josh Giddey,19,4,27.3,41.699999999999996,37.5,60.0,1.5,1.8,7.3,4.5,1.5,0.5,9.0,179.36
Franz Wagner,20,4,33.0,48.9,35.0,50.0,1.0,2.0,4.3,2.0,1.0,0.8,13.3,145.64
Jalen Green,19,4,32.5,39.0,40.0,0.0,1.8,1.2,4.0,2.5,1.0,0.8,14.5,90.0
Alperen Şengün,19,4,17.5,44.4,20.0,75.0,2.8,3.5,3.8,2.3,2.2,0.8,7.3,85.02
Bones Hyland,21,1,10.0,60.0,33.300000000000004,0.0,0.0,2.0,2.0,2.0,1.0,0.0,7.0,75.0
Jeremiah Robinson-Earl,21,4,18.8,57.099999999999994,54.50000000000001,50.0,1.5,1.0,4.3,0.3,0.2,0.0,7.8,62.3
Austin Reaves,23,3,20.0,66.7,50.0,100.0,0.7,1.7,0.7,1.3,0.0,0.0,7.3,38.81
Davion Mitchell,23,3,29.3,36.7,21.4,50.0,0.7,1.7,1.7,3.7,1.3,0.0,9.0,38.28
Jalen Suggs,20,4,28.5,28.799999999999997,26.1,87.5,3.5,3.2,3.3,3.5,1.2,0.0,12.5,28.67
Trey Murphy,21,4,21.0,38.1,41.199999999999996,0.0,0.5,1.8,2.5,0.8,0.5,0.0,5.8,24.57
Isaiah Todd,20,1,5.0,50.0,50.0,50.0,0.0,0.0,1.0,0.0,1.0,0.0,4.0,17.5
Jalen Johnson,20,2,3.5,60.0,66.7,0.0,0.0,0.0,1.5,0.0,0.0,0.0,4.0,16.88
