Player,Age,G,MP,FG%,3P%,FT%,TOV,PF,REB,AST,STL,BLK,PTS,ROY Score
Scottie Barnes,20,9,34.8,52.400000000000006,20.0,70.8,2.1,2.8,8.7,2.4,1.1,0.7,16.6,309.85
Evan Mobley,20,11,34.4,52.0,23.5,80.0,1.7,2.2,8.0,2.5,1.0,1.3,14.9,303.5
Josh Giddey,19,9,29.2,40.400000000000006,25.900000000000002,61.5,2.4,2.0,6.1,5.9,1.4,0.7,10.1,149.14
Chris Duarte,24,11,33.7,44.7,42.199999999999996,86.7,1.8,2.2,4.5,2.4,1.0,0.1,16.0,145.63
Franz Wagner,20,11,31.7,46.9,38.9,71.39999999999999,0.8,2.4,3.5,2.1,1.1,0.5,13.7,132.71
Alperen Şengün,19,10,19.3,46.800000000000004,41.699999999999996,66.7,2.6,3.4,4.4,2.4,1.7,0.5,9.1,96.38
Davion Mitchell,23,10,27.1,39.4,27.900000000000002,63.6,0.9,2.4,2.3,3.8,0.7,0.3,9.7,54.45
Jalen Green,19,10,32.2,35.3,28.599999999999998,73.3,2.9,1.5,3.1,3.0,0.8,0.4,13.6,42.77
Jeremiah Robinson-Earl,21,9,17.4,53.800000000000004,45.0,50.0,1.1,0.8,3.6,0.4,0.2,0.3,5.9,41.05
Dalano Banton,22,11,12.0,57.099999999999994,37.5,58.3,0.7,1.4,2.3,1.4,0.7,0.3,5.3,40.13
Herb Jones,23,8,24.4,53.7,20.0,60.0,1.4,2.9,2.3,1.6,1.1,0.5,6.0,39.65
Austin Reaves,23,9,20.7,47.5,36.0,100.0,0.9,1.8,2.1,1.0,0.2,0.2,5.9,28.35
Jalen Suggs,20,11,28.7,30.9,22.0,84.6,3.5,2.9,3.2,3.5,0.8,0.5,12.0,24.81
Bones Hyland,21,6,14.8,39.0,30.8,0.0,0.8,1.2,1.3,1.8,1.0,0.2,6.7,21.78
Trey Murphy,21,10,20.8,32.1,35.699999999999996,80.0,0.8,1.7,2.5,1.0,0.3,0.3,5.5,16.75
