Player,Age,G,MP,FG%,3P%,FT%,TOV,PF,REB,AST,STL,BLK,PTS,ROY Score
Evan Mobley,20,65,34.3,50.8,24.7,66.9,2.0,2.2,8.3,2.5,0.8,1.7,15.1,286.63
Scottie Barnes,20,65,35.8,48.699999999999996,30.5,72.6,1.9,2.6,7.6,3.4,1.2,0.8,15.3,273.35
Josh Giddey,19,54,31.5,41.9,26.3,70.89999999999999,3.2,1.6,7.8,6.4,0.9,0.4,12.5,198.17
Cade Cunningham,20,58,32.7,41.3,31.900000000000002,84.0,3.6,3.1,5.8,5.5,1.2,0.7,17.1,179.91
Franz Wagner,20,74,31.5,46.6,35.6,85.9,1.6,2.1,4.6,2.9,0.9,0.4,15.4,176.74
Herbert Jones,23,70,29.9,48.9,35.5,85.5,1.3,3.1,3.9,2.2,1.6,0.8,9.6,122.25
Alperen Şengün,19,66,19.7,47.0,24.7,69.39999999999999,2.0,3.0,5.2,2.4,0.9,0.9,9.1,110.31
Chris Duarte,24,55,28.0,43.2,36.9,80.4,1.6,1.7,4.1,2.1,1.0,0.2,13.1,105.39
Jalen Green,19,59,31.1,41.4,32.5,80.2,2.1,1.5,3.2,2.6,0.7,0.3,15.7,97.2
Ayo Dosunmu,22,68,27.1,51.4,38.3,67.2,1.3,2.4,2.8,3.3,0.8,0.4,8.5,81.46
Trendon Watford,21,47,17.6,52.400000000000006,25.0,76.1,0.8,2.4,4.0,1.6,0.5,0.6,7.3,81.42
Jeremiah Robinson-Earl,21,44,23.0,40.1,33.300000000000004,71.39999999999999,0.8,1.7,5.8,1.0,0.6,0.3,7.1,78.73
Isaiah Jackson,20,31,13.4,55.2,30.8,65.3,1.0,2.5,4.1,0.3,0.5,1.3,7.5,75.79
Omer Yurtseven,23,50,12.6,54.0,12.5,63.2,0.8,1.5,5.4,0.9,0.3,0.4,5.6,72.76
Day'Ron Sharpe,20,32,12.2,57.699999999999996,28.599999999999998,58.5,0.9,1.9,5.0,0.5,0.3,0.5,6.2,69.09
