Player	Pos	Age	Tm	G	GS	MP	FG	FGA	FGP	3P	3PA	3PP	2P	2PA	2PP	eFGP	FT	FTA	FTP	ORB	DRB	TRB	AST	STL	BLK	TOV	PF	PTS
Precious Achiuwa	PF	21	MIA	5	0	15	3.2	5	0.64	0	0		3.2	5	0.64	0.64	1.4	2.8	0.5	1.4	2.8	4.2	0.6	0.2	0.4	1.4	2.6	7.8
Steven Adams	C	27	NOP	6	6	30	4.5	6.8	0.659	0	0		4.5	6.8	0.659	0.659	1	2	0.5	3.7	5.3	9	1.8	1.5	1	1.5	1.3	10
Bam Adebayo	PF	23	MIA	5	5	32	7.2	11.4	0.632	0	0		7.2	11.4	0.632	0.632	4.6	5.6	0.821	1.2	6.8	8	4.4	1.6	1	4	2.4	19
LaMarcus Aldridge	PF	35	SAS	3	3	26	5.3	12.7	0.421	0.7	3.7	0.182	4.7	9	0.519	0.447	0.7	1	0.667	0.7	3.7	4.3	2	0	1.3	1.3	2.7	12
Ty-Shon Alexander	SG	22	PHO	2	0	2.5	0	1.5	0	0	0.5	0	0	1	0	0	0	0		0	0.5	0.5	0.5	0	0	0	0.5	0
Nickeil Alexander-Walker	SG	22	NOP	4	0	12.8	3	7.5	0.4	1	3.3	0.308	2	4.3	0.471	0.467	0.8	0.8	1	0	1	1	1.5	1	0.3	1.5	1.5	7.8
Grayson Allen	SG	25	MEM	4	4	23	1	4.8	0.211	0.8	4	0.188	0.3	0.8	0.333	0.289	2	2.3	0.889	1	1.8	2.8	2.5	0.3	0.3	0.8	0.3	4.8
Jarrett Allen	C	22	BRK	6	0	22.5	2.7	4	0.667	0	0		2.7	4	0.667	0.667	3.5	4.7	0.75	4	6.7	10.7	1	0.2	1.3	1.5	1.3	8.8
Kyle Anderson	SF	27	MEM	5	5	31.8	6	13.2	0.455	1.8	5.4	0.333	4.2	7.8	0.538	0.523	2.6	3.2	0.813	1	8.2	9.2	4	0.4	0.8	2.8	2.6	16.4
Giannis Antetokounmpo	PF	26	MIL	6	6	30.8	8	16.8	0.475	1.2	4.8	0.241	6.8	12	0.569	0.51	6.3	10.5	0.603	1.8	9.8	11.7	5.8	1.8	0.8	3.3	3.2	23.5
Kostas Antetokounmpo	PF	23	LAL	1	0	8	0	2	0	0	0		0	2	0	0	0	0		0	4	4	0	0	2	2	1	0
Thanasis Antetokounmpo	SF	28	MIL	5	0	12.2	1.2	2.2	0.545	0.2	0.8	0.25	1	1.4	0.714	0.591	0	0		1	1	2	1.4	0.4	0.2	1.6	2.2	2.6
Carmelo Anthony	PF	36	POR	4	0	23.3	3.8	8.8	0.429	1	2	0.5	2.8	6.8	0.407	0.486	4.8	5.3	0.905	0.3	3.5	3.8	1.3	0.8	0.3	1	2.3	13.3
Cole Anthony	PG	20	ORL	6	0	19.8	2.8	9.2	0.309	0.5	2.5	0.2	2.3	6.7	0.35	0.336	2.5	2.5	1	1.5	3.5	5	3.3	0.5	0	0.8	1.7	8.7
OG Anunoby	SF	23	TOR	5	5	35.8	4	9.6	0.417	1.6	6.4	0.25	2.4	3.2	0.75	0.5	2.4	3.2	0.75	1.6	5.2	6.8	2	2.2	0.8	1.6	3.2	12
Ryan Arcidiacono	PG	26	CHI	2	0	14	1.5	4.5	0.333	0.5	2.5	0.2	1	2	0.5	0.389	1.5	1.5	1	0	3	3	2	1	0	0	1	5
D.J. Augustin	PG	33	MIL	5	0	15.8	1.6	5.2	0.308	1.2	3.6	0.333	0.4	1.6	0.25	0.423	1.2	1.2	1	0.6	0.6	1.2	1.4	0.4	0	1	0.4	5.6
Deni Avdija	SF	20	WAS	6	6	26.2	2.8	5.5	0.515	1.7	3.5	0.476	1.2	2	0.583	0.667	0.5	0.8	0.6	0.5	4.7	5.2	2.7	1.3	0.2	0.7	2.8	7.8
Deandre Ayton	C	22	PHO	6	6	29.3	5.2	9.5	0.544	0.2	0.5	0.333	5	9	0.556	0.553	1.5	2.3	0.643	2.8	8.3	11.2	1.8	0.3	1.3	1.7	3	12
Udoka Azubuike	C	21	UTA	1	0	4	1	1	1	0	0		1	1	1	1	0	0		1	0	1	0	0	0	0	0	2
Dwayne Bacon	SG	25	ORL	6	6	22.8	3.2	7	0.452	0.5	1.8	0.273	2.7	5.2	0.516	0.488	0.7	0.8	0.8	0.2	3.5	3.7	1	0.3	0.2	0.7	1.7	7.5
Marvin Bagley III	PF	21	SAC	6	6	25	4.5	12	0.375	0.7	2.2	0.308	3.8	9.8	0.39	0.403	2.2	3.5	0.619	2.7	5.3	8	1	0.3	0.3	2.2	3.2	11.8
LaMelo Ball	PG	19	CHO	6	0	23	4	9.5	0.421	1.8	4.3	0.423	2.2	5.2	0.419	0.518	1.7	2.3	0.714	1.5	2.8	4.3	4.2	1.8	0.5	2.3	2.7	11.5
Lonzo Ball	PG	23	NOP	6	6	31.8	4.7	12	0.389	2.2	7.2	0.302	2.5	4.8	0.517	0.479	0.8	1.5	0.556	0.7	3.8	4.5	4.5	1.5	0.8	2.7	2.7	12.3
Desmond Bane	SG	22	MEM	5	0	23.4	3.2	7.2	0.444	2.2	4.8	0.458	1	2.4	0.417	0.597	0.2	0.2	1	0.8	2	2.8	0.8	0.6	0	1.2	2.4	8.8
Harrison Barnes	PF	28	SAC	6	6	35.7	6.2	13	0.474	1.2	3.5	0.333	5	9.5	0.526	0.519	2.8	3.7	0.773	1.5	6.5	8	2.7	0.7	0.3	1.2	0.8	16.3
RJ Barrett	SG	20	NYK	6	6	38	6	16	0.375	1.2	4.8	0.241	4.8	11.2	0.433	0.411	3.8	4.8	0.793	1	6	7	3.5	0.7	0	2	2	17
Will Barton	SG	30	DEN	5	1	28.4	4	10.6	0.377	0.8	2.8	0.286	3.2	7.8	0.41	0.415	1.4	2.2	0.636	0.6	3.4	4	2.4	0.8	0.6	0.6	1.8	10.2
Keita Bates-Diop	SF	25	SAS	1	0	1	0	0		0	0		0	0			0	0		0	0	0	0	0	0	0	0	0
Nicolas Batum	SF	32	LAC	6	6	28.5	2.5	5.3	0.469	1.2	2.8	0.412	1.3	2.5	0.533	0.578	1.7	1.8	0.909	1.7	4.8	6.5	2.8	0.8	0.2	0.8	3	7.8
Aron Baynes	C	34	TOR	5	5	21.6	3.4	7.6	0.447	0.6	3	0.2	2.8	4.6	0.609	0.487	0	0		1.6	4.6	6.2	0.8	0.2	0	1	3	7.4
Kent Bazemore	SF	31	GSW	3	0	11	1.3	2.7	0.5	0.7	1.3	0.5	0.7	1.3	0.5	0.625	0	0		0.3	1	1.3	1.3	0.3	0	1.3	2	3.3
Darius Bazley	PF	20	OKC	5	5	30.8	4.4	10	0.44	1	4	0.25	3.4	6	0.567	0.49	1.4	1.6	0.875	0.8	7.8	8.6	1.4	0.2	1.4	2	0.8	11.2
Bradley Beal	SG	27	WAS	6	6	35.2	10.7	22.3	0.478	1.5	5.5	0.273	9.2	16.8	0.545	0.511	8.3	9.5	0.877	0.8	3.3	4.2	4.7	1.7	0.5	3.5	2.5	31.2
Malik Beasley	SG	24	MIN	5	5	28.8	6.6	14.6	0.452	1.8	6	0.3	4.8	8.6	0.558	0.514	2.8	3.2	0.875	0.6	3.8	4.4	0.8	0.6	0	1	2	17.8
DeAndre' Bembry	SF	26	TOR	3	0	4.7	0.3	0.7	0.5	0	0		0.3	0.7	0.5	0.5	0	0		0	1	1	0.3	0	0.3	1	0.7	0.7
D?vis Bert?ns	PF	28	WAS	6	0	21.2	2.7	8	0.333	2.2	7	0.31	0.5	1	0.5	0.469	2.8	3.3	0.85	0.5	2	2.5	1.3	0.5	0.3	0.3	2	10.3
Patrick Beverley	PG	32	LAC	6	6	22.7	2.7	6.2	0.432	1.8	4	0.458	0.8	2.2	0.385	0.581	0.5	0.7	0.75	1.5	1.5	3	0.7	0.8	0.3	0.8	3.7	7.7
Saddiq Bey	SF	21	DET	4	2	20.5	2.8	8.3	0.333	2.5	5.5	0.455	0.3	2.8	0.091	0.485	1.5	2.5	0.6	0.5	4.3	4.8	0.5	0.5	0	0.8	1.5	9.5
Khem Birch	C	28	ORL	6	0	17.3	2.3	5.2	0.452	0	0		2.3	5.2	0.452	0.452	1.7	1.8	0.909	1.5	2.5	4	0.7	0.8	0.5	0.7	2.3	6.3
Bismack Biyombo	C	28	CHO	6	5	28.8	4.2	6.8	0.61	0	0.2	0	4.2	6.7	0.625	0.61	2	4	0.5	3.7	4	7.7	2.7	0.2	1	1.2	2.8	10.3
Nemanja Bjelica	PF	32	SAC	6	0	15.7	2.7	5.2	0.516	0.7	1.5	0.444	2	3.7	0.545	0.581	1.7	2.2	0.769	1.3	2.8	4.2	1.7	0	0.3	1.3	2.2	7.7
Eric Bledsoe	PG	31	NOP	6	6	29.5	4.3	10.2	0.426	2	5.3	0.375	2.3	4.8	0.483	0.525	1.5	2	0.75	0.5	1.8	2.3	4.2	1	0.5	1.7	1.2	12.2
Keljin Blevins	SF	25	POR	3	0	5.7	0.3	2	0.167	0	1	0	0.3	1	0.333	0.167	0	0		0	0	0	1	0.3	0	1	0.7	0.7
Bogdan Bogdanovi?	SG	28	ATL	6	1	27.5	4.3	10.7	0.406	3.2	7.8	0.404	1.2	2.8	0.412	0.555	1.3	1.5	0.889	0.3	4.5	4.8	2.2	0.7	0.2	1.3	1.3	13.2
Bojan Bogdanovi?	SF	31	UTA	5	5	32.8	3.8	12.8	0.297	2	6.6	0.303	1.8	6.2	0.29	0.375	1.6	1.8	0.889	1	3	4	1.2	0.4	0.2	1.4	1.4	11.2
Bol Bol	C	21	DEN	3	0	4.7	0	1.3	0	0	0.7	0	0	0.7	0	0	0	0		0	0.3	0.3	0	0	0.3	0	0.7	0
Marques Bolden	C	22	CLE	3	0	2.7	0.3	0.3	1	0	0		0.3	0.3	1	1	1	2	0.5	0	0.3	0.3	0	0	0	0	0	1.7
Jordan Bone	PG	23	ORL	1	0	9	2	4	0.5	0	1	0	2	3	0.667	0.5	0	0		1	1	2	1	0	0	0	0	4
Isaac Bonga	PG	21	WAS	5	4	15	1.6	2.6	0.615	1	1.8	0.556	0.6	0.8	0.75	0.808	0	0.2	0	0.6	2.4	3	1	0.4	0.6	0.6	1.8	4.2
Devin Booker	SG	24	PHO	6	6	33.8	8	16.3	0.49	2	5.8	0.343	6	10.5	0.571	0.551	2.5	3.7	0.682	0.2	3.8	4	3.8	1.2	0.3	5.8	3.3	20.5
Chris Boucher	PF	28	TOR	5	0	20.2	5	9.2	0.543	1	2.8	0.357	4	6.4	0.625	0.598	2.4	3.2	0.75	2	4	6	0.8	0.4	2.2	0.8	3.4	13.4
Avery Bradley	SG	30	MIA	4	1	25	5	8.8	0.571	2.5	5.3	0.476	2.5	3.5	0.714	0.714	1.8	2.3	0.778	0	1.8	1.8	1.5	1	0	1	3	14.3
Tony Bradley	C	23	PHI	1	0	17	2	7	0.286	0	0		2	7	0.286	0.286	0	1	0	4	4	8	1	0	2	0	2	4
Ignas Brazdeikis	SF	22	NYK	2	0	1	0	0.5	0	0	0		0	0.5	0	0	1	1	1	0.5	0.5	1	0	0	0	0	0	1
Mikal Bridges	SF	24	PHO	6	6	33.7	5.3	10	0.533	3	6	0.5	2.3	4	0.583	0.683	1.7	1.7	1	1.2	4	5.2	0.7	0.8	1.3	0	1.8	15.3
Miles Bridges	SF	22	CHO	6	0	25.5	3.8	8.7	0.442	1.7	4.5	0.37	2.2	4.2	0.52	0.538	0.7	0.7	1	1	6	7	1.7	0.7	1.8	2.2	2	10
Malcolm Brogdon	PG	28	IND	6	6	35.5	8.5	16	0.531	2.8	6.3	0.447	5.7	9.7	0.586	0.62	2.3	2.7	0.875	0.5	3.5	4	6.3	1.7	0	2	1.8	22.2
Dillon Brooks	SG	25	MEM	5	5	31	7.6	18.2	0.418	2.6	7.4	0.351	5	10.8	0.463	0.489	1.4	1.4	1	1.6	2.6	4.2	3.2	2.2	0.2	3.4	4.6	19.2
Bruce Brown	PG	24	BRK	3	0	4.3	0.7	1.3	0.5	0	0.3	0	0.7	1	0.667	0.5	0	0		0.3	0.7	1	0.3	0	0	0.7	0.3	1.3
Jaylen Brown	SF	24	BOS	6	6	33.8	11	19.3	0.569	2	5.3	0.375	9	14	0.643	0.621	3.5	5.2	0.677	1.3	3.8	5.2	3.2	2	0.8	2.2	3	27.5
Moses Brown	C	21	OKC	1	0	3	0	1	0	0	0		0	1	0	0	0	2	0	0	2	2	0	0	1	0	0	0
Sterling Brown	SG	25	HOU	4	0	22.5	3.8	5.3	0.714	2.3	3.8	0.6	1.5	1.5	1	0.929	0	0		0.3	2.8	3	1	0.8	0	0.3	2.5	9.8
Troy Brown Jr.	SF	21	WAS	6	0	16.8	1.7	4	0.417	0.8	2.3	0.357	0.8	1.7	0.5	0.521	0	0.3	0	0.5	2.2	2.7	1.2	0.2	0	0.8	2.2	4.2
Jalen Brunson	PG	24	DAL	5	0	15.6	3.4	7.4	0.459	0.6	2.2	0.273	2.8	5.2	0.538	0.5	1.6	2	0.8	0	2.6	2.6	2.8	0.6	0	1.6	1	9
Thomas Bryant	C	23	WAS	6	6	29.7	7.2	11	0.652	1.3	2.7	0.5	5.8	8.3	0.7	0.712	1.7	2.8	0.588	2	3.5	5.5	1.7	0.3	1.2	1.7	3.5	17.3
Reggie Bullock	SF	29	NYK	6	6	30.3	3.2	9.3	0.339	2	6.2	0.324	1.2	3.2	0.368	0.446	0.5	0.8	0.6	0.2	4.2	4.3	1.5	0.7	0.3	1	3.5	8.8
Trey Burke	PG	28	DAL	5	0	19.8	2.6	6.6	0.394	1.4	3.4	0.412	1.2	3.2	0.375	0.5	1.4	1.6	0.875	0	1.4	1.4	1.4	0.6	0.2	0.8	1.6	8
Alec Burks	SG	29	NYK	3	0	27.7	5.7	10.7	0.531	3.3	5	0.667	2.3	5.7	0.412	0.688	6	6.7	0.9	0	3.7	3.7	3.7	1	0.7	2.3	3.3	20.7
Jimmy Butler	SF	31	MIA	3	3	26.3	3	9.3	0.321	0	0.3	0	3	9	0.333	0.321	2.3	2.7	0.875	1.7	2.3	4	4.7	3.3	0	3.3	0.7	8.3
Bruno Caboclo	PF	25	HOU	2	0	11.5	1.5	5	0.3	0	2	0	1.5	3	0.5	0.3	0	0		0.5	3	3.5	0	0	0.5	2	2	3
Kentavious Caldwell-Pope	SG	27	LAL	6	6	23.8	3.3	6	0.556	1.7	3.2	0.526	1.7	2.8	0.588	0.694	1.7	1.8	0.909	0.3	1.2	1.5	1.3	0.8	0.5	0.8	1.8	10
Facundo Campazzo	PG	29	DEN	5	0	6.6	0.2	1	0.2	0.2	0.8	0.25	0	0.2	0	0.3	1	1.2	0.833	0	0.8	0.8	1	0.4	0	1	1.6	1.6
Vlatko ?an?ar	PF	23	DEN	1	0	4	0	1	0	0	0		0	1	0	0	0	0		0	0	0	0	0	0	1	0	0
Clint Capela	C	26	ATL	4	4	25	5	8.5	0.588	0	0		5	8.5	0.588	0.588	0.5	2.8	0.182	4	8	12	1.8	0.8	1.3	1.3	2	10.5
Vernon Carey Jr.	C	19	CHO	1	0	4	0	2	0	0	1	0	0	1	0	0	0	0		0	1	1	1	0	1	0	0	0
Jevon Carter	PG	25	PHO	6	0	12.7	1.2	4	0.292	0.3	2.5	0.133	0.8	1.5	0.556	0.333	0	0		0	1.7	1.7	0.8	0.3	0	0.2	1.2	2.7
Wendell Carter Jr.	C	21	CHI	6	6	27.8	4.8	8.3	0.58	0.5	1.5	0.333	4.3	6.8	0.634	0.61	2.3	3.7	0.636	1.7	6.2	7.8	2.5	0.2	0.7	2	3.8	12.5
Michael Carter-Williams	SG	29	ORL	6	1	23.7	2.5	6.7	0.375	0.2	1.7	0.1	2.3	5	0.467	0.388	0.8	1	0.833	2.3	3.5	5.8	1.5	0.7	0.5	1.2	2.8	6
Alex Caruso	PG	26	LAL	3	0	13.7	2	3.7	0.545	1.3	2.7	0.5	0.7	1	0.667	0.727	0	0		0	1.7	1.7	1	0.7	0	1.7	1	5.3
Willie Cauley-Stein	C	27	DAL	5	0	11.8	1.2	2.4	0.5	0	0.2	0	1.2	2.2	0.545	0.5	0.8	1.4	0.571	1.2	2	3.2	0.6	0.4	0.4	0.8	2	3.2
Chris Chiozza	PG	25	BRK	2	0	15	2.5	7.5	0.333	1.5	4.5	0.333	1	3	0.333	0.433	1	2	0.5	0	0.5	0.5	2	0	0	1.5	2	7.5
Marquese Chriss	PF	23	GSW	2	0	13.5	2.5	7	0.357	0.5	2.5	0.2	2	4.5	0.444	0.393	1	2	0.5	1.5	5	6.5	1	0	1	1	1.5	6.5
Gary Clark	SF	26	ORL	3	0	12.3	0.3	2	0.167	0	1.7	0	0.3	0.3	1	0.167	0.3	0.3	1	1	2.7	3.7	0.7	1	0.3	0.7	1.3	1
Brandon Clarke	PF	24	MEM	5	1	26.4	4.6	10.4	0.442	0.4	2	0.2	4.2	8.4	0.5	0.462	1.4	3.2	0.438	1.4	3.4	4.8	1.4	0.4	0.8	0.8	1.8	11
Jordan Clarkson	SG	28	UTA	5	0	22.2	5.4	11.4	0.474	2.2	5.4	0.407	3.2	6	0.533	0.57	2	2.2	0.909	1.6	3.2	4.8	1.4	0.8	0.4	1.6	1	15
Amir Coffey	SG	23	LAC	6	0	6	0.7	2	0.333	0.3	1	0.333	0.3	1	0.333	0.417	0.3	0.5	0.667	0.2	0.2	0.3	0.5	0	0	0	0.3	2
John Collins	PF	23	ATL	6	6	27	6.3	11.7	0.543	1	3.5	0.286	5.3	8.2	0.653	0.586	3.3	3.7	0.909	1.8	5	6.8	2	0.3	1.2	1.2	3.8	17
Mike Conley	PG	33	UTA	5	5	32.8	7.2	15.2	0.474	3.8	8.4	0.452	3.4	6.8	0.5	0.599	3.2	3.8	0.842	0.8	4.4	5.2	5.2	1	0.2	2.4	2.6	21.4
Pat Connaughton	SG	28	MIL	6	0	17.2	2.2	4.7	0.464	1.7	3.3	0.5	0.5	1.3	0.375	0.643	0.3	0.3	1	0.3	3.2	3.5	1.3	0.5	0.3	0.2	0.7	6.3
Quinn Cook	PG	27	LAL	4	0	3.3	0.8	1.8	0.429	0.3	1	0.25	0.5	0.8	0.667	0.5	0.3	0.3	1	0	0.3	0.3	0.5	0	0	0	0	2
DeMarcus Cousins	C	30	HOU	2	0	12.5	2	5.5	0.364	0.5	1	0.5	1.5	4.5	0.333	0.409	0.5	1	0.5	0	3.5	3.5	1.5	0	1	1.5	1.5	5
Robert Covington	PF	30	POR	5	5	31.8	2	6.2	0.323	1	4.6	0.217	1	1.6	0.625	0.403	1	1.2	0.833	0.4	6	6.4	1.6	1.6	0.6	1	2.4	6
Torrey Craig	SF	30	MIL	2	0	6.5	0	0.5	0	0	0		0	0.5	0	0	0	0		0	2	2	1	0	0.5	0.5	1	0
Jae Crowder	SF	30	PHO	6	6	28.5	3.7	8.7	0.423	2.2	6.3	0.342	1.5	2.3	0.643	0.548	1.2	1.3	0.875	0.5	4.7	5.2	2.5	0.7	0.2	0.7	2	10.7
Jarrett Culver	SG	21	MIN	5	2	23.2	2.8	7.6	0.368	0.6	2.4	0.25	2.2	5.2	0.423	0.408	1	1.4	0.714	2.4	4	6.4	0.4	0.6	0.4	1.6	2.6	7.2
Seth Curry	SG	30	PHI	6	6	29.7	5.3	9.5	0.561	2.8	5.5	0.515	2.5	4	0.625	0.711	2.7	2.7	1	0.2	1.8	2	4	1	0.3	1.5	1.8	16.2
Stephen Curry	PG	32	GSW	5	5	32.8	8.4	20	0.42	3.6	11.2	0.321	4.8	8.8	0.545	0.51	6	6	1	0.6	4	4.6	6.6	1.4	0.4	3.6	2	26.4
Anthony Davis	PF	27	LAL	5	5	33.2	9.2	17.2	0.535	1.4	3	0.467	7.8	14.2	0.549	0.576	2.8	4	0.7	2	6.8	8.8	4	1	0.4	2.2	1.8	22.6
Ed Davis	PF	31	MIN	4	0	10.5	0.5	2.5	0.2	0	0		0.5	2.5	0.2	0.2	0	0		3	2.8	5.8	1.3	0	0.5	0.5	1.3	1
Terence Davis	SG	23	TOR	3	0	8	1.3	2.3	0.571	0.7	1.7	0.4	0.7	0.7	1	0.714	0	0		0	1.7	1.7	0.3	0	0.3	1.3	1.3	3.3
DeMar DeRozan	SG	31	SAS	5	5	35	7	14.2	0.493	1.4	2.6	0.538	5.6	11.6	0.483	0.542	6.4	7.4	0.865	0.8	5.4	6.2	8	0.8	0.8	1.4	2.4	21.8
Hamidou Diallo	SG	22	OKC	5	0	19.6	3.6	7.8	0.462	0.2	0.8	0.25	3.4	7	0.486	0.474	1.2	2.2	0.545	1.4	4.4	5.8	1.2	1	0.4	1.2	2.2	8.6
Gorgui Dieng	C	31	MEM	5	0	15.8	3.6	6.8	0.529	1.4	3.6	0.389	2.2	3.2	0.688	0.632	1	1	1	1.2	3.2	4.4	1	0.6	1	0.8	1.2	9.6
Spencer Dinwiddie	PG	27	BRK	3	3	21.3	2	5.3	0.375	0.7	2.3	0.286	1.3	3	0.444	0.438	2	2	1	0	4.3	4.3	3	0.7	0.3	1.7	1.3	6.7
Donte DiVincenzo	SG	24	MIL	6	6	23.2	5	8.8	0.566	3.2	5	0.633	1.8	3.8	0.478	0.745	0.3	0.5	0.667	1.2	1.8	3	1.3	1.7	0.2	1.5	1.3	13.5
Luka Don?i?	PG	21	DAL	5	5	31.2	8.2	19	0.432	1	6.2	0.161	7.2	12.8	0.563	0.458	7	9	0.778	0.6	7	7.6	6.4	0.6	0.4	2.8	1.4	24.4
Luguentz Dort	SG	21	OKC	5	5	28.4	5	10.4	0.481	2.4	5.4	0.444	2.6	5	0.52	0.596	2.2	2.8	0.786	1	2.6	3.6	0.8	1.2	0.4	1.2	3.2	14.6
Damyean Dotson	SG	26	CLE	5	0	18	1.6	3.8	0.421	0.8	2.4	0.333	0.8	1.4	0.571	0.526	0	0		0	1.2	1.2	0.8	0.4	0	0.8	0.6	4
Devon Dotson	PG	21	CHI	1	0	10	2	4	0.5	0	0		2	4	0.5	0.5	0	0		0	1	1	0	0	0	0	1	4
Sekou Doumbouya	PF	20	DET	5	0	10.8	1.2	4.6	0.261	0.2	1.2	0.167	1	3.4	0.294	0.283	0.8	1	0.8	1.2	2.6	3.8	0.6	0.2	0	0.2	0.6	3.4
PJ Dozier	SG	24	DEN	5	0	18.8	2.4	5.2	0.462	0.6	1.4	0.429	1.8	3.8	0.474	0.519	0.8	1	0.8	1.2	2.8	4	1	0.2	1	0.8	0.8	6.2
Goran Dragi?	PG	34	MIA	5	0	23.6	5.4	10.8	0.5	1	4.2	0.238	4.4	6.6	0.667	0.546	3.4	4	0.85	0.4	2.8	3.2	5.2	1	0	3	2.2	15.2
Andre Drummond	C	27	CLE	6	6	29.2	7	15.2	0.462	0	0.7	0	7	14.5	0.483	0.462	3	5.3	0.563	3.8	10.3	14.2	3	2	2	3.5	2.7	17
Jared Dudley	PF	35	LAL	3	0	3.7	0.3	0.3	1	0.3	0.3	1	0	0		1.5	0	0		0.3	1.3	1.7	0	0	0	0	0	1
Kevin Durant	SF	32	BRK	5	5	33.4	9.2	18	0.511	2.6	5.2	0.5	6.6	12.8	0.516	0.583	7.2	8	0.9	0.6	5.6	6.2	4.4	1.4	1	3	2	28.2
Anthony Edwards	SG	19	MIN	5	0	25.4	6	14.2	0.423	2	6.4	0.313	4	7.8	0.513	0.493	1.4	2	0.7	0.8	1.6	2.4	1.8	0.6	0.4	1	2	15.4
Carsen Edwards	SG	22	BOS	3	0	6.3	1.3	3.7	0.364	0.3	1	0.333	1	2.7	0.375	0.409	0	0		0.3	0.7	1	0.7	0	0.3	0.3	1	3
CJ Elleby	SF	20	POR	3	0	5.7	0.7	1.7	0.4	0	1	0	0.7	0.7	1	0.4	0	0.3	0	0.3	0.3	0.7	0.7	0	0	0	1	1.3
Wayne Ellington	SG	33	DET	1	0	21	4	10	0.4	2	7	0.286	2	3	0.667	0.5	1	1	1	1	0	1	0	0	0	1	2	11
Joel Embiid	C	26	PHI	5	5	33.4	8.2	15.2	0.539	1.2	3	0.4	7	12.2	0.574	0.579	7.4	9.2	0.804	2.6	10	12.6	2.8	0.8	1.4	2.8	2.2	25
Drew Eubanks	PF	23	SAS	2	0	23.5	1	5.5	0.182	0	0		1	5.5	0.182	0.182	0	0		0.5	4.5	5	0.5	0	2.5	0.5	3.5	2
Dante Exum	SG	25	CLE	5	2	23	2	5.2	0.385	0.4	2.2	0.182	1.6	3	0.533	0.423	0.2	0.4	0.5	0.4	3	3.4	2.6	0.8	0.4	1.2	1.8	4.6
Tacko Fall	C	25	BOS	1	0	6	0	1	0	0	0		0	1	0	0	2	2	1	1	0	1	0	0	2	0	0	2
Derrick Favors	C	29	UTA	5	0	16.6	3.8	6.4	0.594	0	0		3.8	6.4	0.594	0.594	1.4	2.2	0.636	2.4	4	6.4	1.6	0.4	0.4	0.8	2.8	9
Cristiano Felício	C	28	CHI	1	0	6	0	1	0	0	0		0	1	0	0	0	2	0	2	1	3	2	0	0	0	0	0
Terrance Ferguson	SG	22	PHI	2	0	5.5	0	1.5	0	0	1.5	0	0	0		0	0	0		0	0.5	0.5	0.5	0	0	0	1	0
Bruno Fernando	C	22	ATL	6	0	10.8	0.7	1.5	0.444	0	0.2	0	0.7	1.3	0.5	0.444	0.3	0.5	0.667	1.3	3.8	5.2	0.7	0.3	0.2	1.2	1	1.7
Dorian Finney-Smith	PF	27	DAL	5	5	26	3.4	8	0.425	1.6	5.4	0.296	1.8	2.6	0.692	0.525	0.8	0.8	1	1.2	3.2	4.4	0.8	1.2	0.2	0.4	2.8	9.2
Malachi Flynn	PG	22	TOR	2	0	2	0	1	0	0	1	0	0	0		0	0	0		0	0	0	0	0	0	0	0	0
Bryn Forbes	SG	27	MIL	6	0	16.7	3.2	6.2	0.514	1.7	3.7	0.455	1.5	2.5	0.6	0.649	0.5	0.8	0.6	0.2	0.8	1	0.2	0.2	0	0.8	1.3	8.5
Evan Fournier	SF	28	ORL	5	5	25.4	4.6	9	0.511	1.6	4.6	0.348	3	4.4	0.682	0.6	4	4.6	0.87	0.4	1.2	1.6	2	1.4	0	1.8	2.6	14.8
De'Aaron Fox	PG	23	SAC	6	6	34.3	7.3	17.2	0.427	1.2	4.2	0.28	6.2	13	0.474	0.461	5.2	7	0.738	1	2	3	6.2	1.7	1	3.2	2.8	21
Markelle Fultz	PG	22	ORL	6	6	30	6.2	15.3	0.402	0.7	2.5	0.267	5.5	12.8	0.429	0.424	2.7	3	0.889	0.8	2.5	3.3	5.8	1	0.3	2.2	2.7	15.7
Daniel Gafford	PF	22	CHI	5	0	14.6	2.4	3.6	0.667	0	0		2.4	3.6	0.667	0.667	1.4	2.8	0.5	1.2	1.6	2.8	0.6	0.8	1	0.2	1.6	6.2
Danilo Gallinari	PF	32	ATL	2	1	14	3	4	0.75	1	1.5	0.667	2	2.5	0.8	0.875	2	2	1	0	2.5	2.5	1.5	0	0	1.5	1	9
Langston Galloway	SG	29	PHO	6	0	9.7	1.7	3.5	0.476	1.2	2.3	0.5	0.5	1.2	0.429	0.643	0.8	0.8	1	0.2	0.5	0.7	0.7	0	0	0	0.2	5.3
Darius Garland	SG	21	CLE	6	6	35.8	6.7	14.7	0.455	2.5	5.3	0.469	4.2	9.3	0.446	0.54	1.3	1.5	0.889	0.5	2.8	3.3	6.3	1.3	0.3	3	3.2	17.2
Marc Gasol	C	36	LAL	6	6	18.7	1.3	2	0.667	0.5	1	0.5	0.8	1	0.833	0.792	0.7	0.8	0.8	1.3	4.8	6.2	2.3	0.2	1.3	1.5	2.7	3.8
Rudy Gay	PF	34	SAS	5	0	25.2	4.8	12.2	0.393	1.6	6.4	0.25	3.2	5.8	0.552	0.459	1.4	1.8	0.778	0.8	4	4.8	1.6	0.6	1.4	1.2	2	12.6
Paul George	SF	30	LAC	6	6	32	7.5	15.7	0.479	3.8	8.5	0.451	3.7	7.2	0.512	0.601	4	4.3	0.923	0.3	5.8	6.2	5.3	1.7	0.5	4.5	1.7	22.8
Harry Giles	C	22	POR	3	0	8.7	1.7	3	0.556	0.3	0.7	0.5	1.3	2.3	0.571	0.611	0.7	1.3	0.5	0.3	3.7	4	0.7	0	1	1	1.3	4.3
Shai Gilgeous-Alexander	SG	22	OKC	5	5	33.4	6.6	15.6	0.423	1.8	6.2	0.29	4.8	9.4	0.511	0.481	3.8	5.2	0.731	0.6	4.6	5.2	6.8	0.6	0.6	3.4	2.6	18.8
Anthony Gill	PF	28	WAS	2	0	4	0.5	0.5	1	0.5	0.5	1	0	0		1.5	0	0		0	0	0	0	0.5	0	0	0	1.5
Rudy Gobert	C	28	UTA	5	5	30.6	6.6	9.4	0.702	0	0		6.6	9.4	0.702	0.702	2.8	4.8	0.583	3	10.2	13.2	1.8	0.8	1.4	1.6	2.8	16
Brandon Goodwin	PG	25	ATL	4	0	13.8	1.5	4	0.375	0.8	2	0.375	0.8	2	0.375	0.469	0.5	1	0.5	0.3	1	1.3	2	0.3	0	0.3	1	4.3
Aaron Gordon	PF	25	ORL	6	6	24.3	4.5	10	0.45	0.5	3.3	0.15	4	6.7	0.6	0.475	2.5	3.7	0.682	0.8	5.5	6.3	1.8	0.8	0.5	1.2	1.5	12
Eric Gordon	SG	32	HOU	2	1	29.5	6.5	15	0.433	3	10	0.3	3.5	5	0.7	0.533	3	3	1	0.5	2	2.5	2	2	0.5	2.5	2.5	19
Devonte' Graham	PG	25	CHO	6	6	31.7	3	12	0.25	2	7	0.286	1	5	0.2	0.333	1	1.3	0.75	0.7	2.5	3.2	7	1.3	0	0.8	1.8	9
Jerami Grant	PF	26	DET	5	5	37.2	8	18	0.444	2.6	7.8	0.333	5.4	10.2	0.529	0.517	4.4	5.2	0.846	1.2	4.4	5.6	1.4	1	1.4	1.2	3	23
Danny Green	SG	33	PHI	6	6	22.7	2	5.3	0.375	1.2	4.2	0.28	0.8	1.2	0.714	0.484	0.7	0.8	0.8	0.7	1.3	2	1.7	1.3	0.7	1.2	2	5.8
Draymond Green	PF	30	GSW	1	1	18	0	3	0	0	2	0	0	1	0	0	0	0		0	4	4	4	1	0	1	4	0
JaMychal Green	PF	30	DEN	1	0	12	3	3	1	2	2	1	1	1	1	1.333	0	0		0	4	4	2	1	0	3	4	8
Javonte Green	SG	27	BOS	2	0	12.5	2	4	0.5	0.5	1.5	0.333	1.5	2.5	0.6	0.563	0	0		1.5	1	2.5	0.5	0	0	0.5	0	4.5
Jeff Green	PF	34	BRK	6	0	15.2	2	3.2	0.632	0.7	1.5	0.444	1.3	1.7	0.8	0.737	0.2	0.5	0.333	0.2	1	1.2	1	0.3	0.2	0.2	1.8	4.8
Josh Green	SG	20	DAL	4	0	7.5	0.5	1	0.5	0	0		0.5	1	0.5	0.5	0.5	0.5	1	0.3	0.8	1	0.5	0	0	0.5	0	1.5
Blake Griffin	PF	31	DET	3	3	32	5.7	12.3	0.459	3.3	7.7	0.435	2.3	4.7	0.5	0.595	1.7	2.3	0.714	0	6	6	3	1.3	0	1.7	1.3	16.3
Kyle Guy	SG	23	SAC	2	0	6	0.5	2.5	0.2	0.5	1	0.5	0	1.5	0	0.3	1	1	1	0	1	1	0.5	0	0	0	0	2.5
Rui Hachimura	PF	22	WAS	2	2	22.5	4	8	0.5	1	1	1	3	7	0.429	0.563	5	7	0.714	1.5	3	4.5	2.5	0.5	0	1.5	2	14
Tyrese Haliburton	PG	20	SAC	5	0	26.8	3.6	6.8	0.529	2	4	0.5	1.6	2.8	0.571	0.676	1.4	1.6	0.875	0.6	1.4	2	4.4	1	0.4	0.8	1.4	10.6
Josh Hall	SF	20	OKC	2	0	5.5	0.5	3	0.167	0.5	2	0.25	0	1	0	0.25	0	1	0	0	0.5	0.5	0	0	0	0	1.5	1.5
R.J. Hampton	PG	19	DEN	3	0	2	0.3	0.3	1	0	0		0.3	0.3	1	1	0	0		0	0.3	0.3	0	0	0	0	0.3	0.7
Tim Hardaway Jr.	SG	28	DAL	5	5	28.8	5.4	12.8	0.422	2.8	7.4	0.378	2.6	5.4	0.481	0.531	1.6	2.6	0.615	0.2	3.2	3.4	1.6	1.2	0.2	0.6	1.4	15.2
James Harden	SG	31	HOU	3	3	37.7	10.7	20.3	0.525	5	11	0.455	5.7	9.3	0.607	0.648	10.7	12	0.889	1	4.3	5.3	11	1	0.3	5.3	1.7	37
Maurice Harkless	SF	27	MIA	5	2	8.8	0.2	1.2	0.167	0.2	0.8	0.25	0	0.4	0	0.25	0	0		0	1	1	0.2	0	0	0.4	1.2	0.6
Jared Harper	PG	23	NYK	2	0	2.5	0	0.5	0	0	0		0	0.5	0	0	1	1	1	0	0	0	0	0	0	1	0	1
Montrezl Harrell	C	27	LAL	6	0	25.7	4.8	7.7	0.63	0	0.3	0	4.8	7.3	0.659	0.63	2.7	3.8	0.696	2.7	4.7	7.3	1.7	0.5	0.3	1.5	2	12.3
Gary Harris	SG	26	DEN	5	5	32	3.6	8.8	0.409	0.6	4	0.15	3	4.8	0.625	0.443	1	1.4	0.714	0.2	1.4	1.6	1.6	1.2	0.2	1	1.8	8.8
Joe Harris	SF	29	BRK	6	6	30	5	10	0.5	2.8	5.5	0.515	2.2	4.5	0.481	0.642	0.7	1	0.667	1.3	3.2	4.5	1.8	0.3	0.5	0.8	3	13.5
Tobias Harris	PF	28	PHI	6	6	31.8	7.2	14.3	0.5	2.5	5.2	0.484	4.7	9.2	0.509	0.587	2	2.2	0.923	1.8	6.7	8.5	3.2	1.5	1.5	2.2	2	18.8
Shaquille Harrison	SG	27	UTA	1	0	3	0	0		0	0		0	0			0	0		0	0	0	0	0	0	0	0	0
Josh Hart	SG	25	NOP	6	0	28.3	2.8	6.7	0.425	1.5	4.5	0.333	1.3	2.2	0.615	0.538	1.8	2.7	0.688	1.2	7	8.2	0.8	0.7	0.2	0.8	2.2	9
Isaiah Hartenstein	C	22	DEN	5	0	9.2	2.2	4.4	0.5	0	0		2.2	4.4	0.5	0.5	1	2	0.5	1.8	1.8	3.6	0.4	0.2	0.6	1	2.2	5.4
Jaxson Hayes	C	20	NOP	6	0	11.5	0.5	1.5	0.333	0	0		0.5	1.5	0.333	0.333	1	1.3	0.75	1.3	2.8	4.2	0.7	0.3	0.7	0.8	1.8	2
Killian Hayes	PG	19	DET	5	5	22	1.6	6.8	0.235	0.6	3	0.2	1	3.8	0.263	0.279	0.2	0.4	0.5	0.2	1.2	1.4	4	0.4	0	2.4	2	4
Gordon Hayward	SF	30	CHO	6	6	33.8	7.3	15.8	0.463	1.7	4.7	0.357	5.7	11.2	0.507	0.516	2.5	2.7	0.938	0.3	4.8	5.2	5.2	1.7	0.2	2.2	2.5	18.8
Juan Hernangómez	PF	25	MIN	5	0	12.6	1	4	0.25	0.4	2.4	0.167	0.6	1.6	0.375	0.3	0.2	0.6	0.333	0.6	2.6	3.2	0	0.4	0.2	0.4	0.4	2.6
Willy Hernangómez	C	26	NOP	1	0	7	0	1	0	0	0		0	1	0	0	1	4	0.25	0	4	4	1	0	0	0	0	1
Tyler Herro	SG	21	MIA	5	5	33.2	6.2	12.8	0.484	1.8	5.4	0.333	4.4	7.4	0.595	0.555	1.6	2	0.8	0.2	5.6	5.8	4	0.4	0	2.4	1.8	15.8
Buddy Hield	SG	28	SAC	6	6	36.7	5.7	15	0.378	3.8	10.2	0.377	1.8	4.8	0.379	0.506	1.7	2	0.833	0.5	3.3	3.8	2.7	0.7	0.3	2	3.2	16.8
George Hill	PG	34	OKC	4	4	25.3	5.8	10.3	0.561	2.3	5	0.45	3.5	5.3	0.667	0.671	1.5	2	0.75	1	1.5	2.5	4	1	0	1	0.8	15.3
Solomon Hill	PF	29	ATL	6	0	18.7	1.8	5.5	0.333	1.7	4.5	0.37	0.2	1	0.167	0.485	0.2	0.2	1	0.3	2	2.3	0.2	0.3	0.5	0.8	2.5	5.5
Aaron Holiday	PG	24	IND	6	3	20	2.5	6.3	0.395	0.8	3.2	0.263	1.7	3.2	0.526	0.461	0.2	0.3	0.5	0.5	1.3	1.8	1.7	1.2	0.3	0.8	2.8	6
Jrue Holiday	SG	30	MIL	6	6	29.7	6.2	12.2	0.507	2.2	5.3	0.406	4	6.8	0.585	0.596	1	1	1	1	2.7	3.7	5	2	0.7	1.5	2	15.5
Justin Holiday	SG	31	IND	6	0	26.5	3.5	6.5	0.538	1.3	3.8	0.348	2.2	2.7	0.813	0.641	0.8	1.2	0.714	0.2	2.5	2.7	1	1.5	0.3	0.8	2.7	9.2
Richaun Holmes	PF	27	SAC	6	6	28.8	5.5	8.3	0.66	0	0		5.5	8.3	0.66	0.66	2	2.2	0.923	3.3	6	9.3	1.2	1.2	1	1.5	4	13
Rodney Hood	SF	28	POR	5	0	13.2	0.8	2.8	0.286	0.6	1.2	0.5	0.2	1.6	0.125	0.393	0	0		0	1.4	1.4	1.4	0.6	0	0.8	0.6	2.2
Al Horford	C	34	OKC	4	4	27.5	4.3	9	0.472	2	5.3	0.381	2.3	3.8	0.6	0.583	0.3	0.3	1	0.5	7	7.5	3.5	0.3	0.5	0.8	1	10.8
Talen Horton-Tucker	SG	20	LAL	5	0	12.4	2.4	5.6	0.429	0.8	2	0.4	1.6	3.6	0.444	0.5	1.2	1.2	1	0.2	1.2	1.4	1	1	0.8	0.4	1.6	6.8
Danuel House	SF	27	HOU	4	4	32.5	2.5	6.8	0.37	0.8	3.8	0.2	1.8	3	0.583	0.426	1.8	2.5	0.7	0.3	4.3	4.5	2.3	0.3	0.3	0.3	2.5	7.5
Dwight Howard	C	35	PHI	6	1	13.2	2.3	3.2	0.737	0.2	0.2	1	2.2	3	0.722	0.763	0.8	1.2	0.714	1.3	3.3	4.7	0.5	0.3	0.7	2.2	3	5.7
Markus Howard	G	21	DEN	2	0	0.5	0	0.5	0	0	0.5	0	0	0		0	0	0		0	0	0	0	0	0	0	0	0
Kevin Huerter	SG	22	ATL	6	0	25	4.3	9.2	0.473	2.2	4.7	0.464	2.2	4.5	0.481	0.591	1	1.2	0.857	1	2.3	3.3	2.8	1.5	0.2	1.5	2.5	11.8
Elijah Hughes	SF	22	UTA	1	0	3	0	1	0	0	0		0	1	0	0	3	4	0.75	0	1	1	1	0	0	0	0	3
De'Andre Hunter	SF	23	ATL	6	6	31.5	5.3	10.3	0.516	2.3	4.8	0.483	3	5.5	0.545	0.629	1.7	2.2	0.769	0.8	5.7	6.5	2.2	0.5	0.5	1.3	3.2	14.7
Chandler Hutchison	SF	24	CHI	4	0	13	1.3	4	0.313	0.3	0.8	0.333	1	3.3	0.308	0.344	0.5	0.5	1	0.3	4	4.3	1	0.3	0	0.8	1.8	3.3
Serge Ibaka	C	31	LAC	6	6	23.3	5.5	10.3	0.532	1.3	3.7	0.364	4.2	6.7	0.625	0.597	1.5	2	0.75	1	5.2	6.2	1.8	0.2	1.3	0.8	2.2	13.8
Andre Iguodala	SF	37	MIA	4	2	19	0.8	3.8	0.2	0.8	2.8	0.273	0	1	0	0.3	0	0		0.5	3.8	4.3	1.3	0.8	0.5	1.8	2.5	2.3
Joe Ingles	PF	33	UTA	5	0	27.6	3.4	7.2	0.472	1.4	4.6	0.304	2	2.6	0.769	0.569	0.6	0.6	1	0.6	3.4	4	4.2	0.6	0.2	1.8	2.2	8.8
Brandon Ingram	PF	23	NOP	6	6	33.2	8	17.2	0.466	2.7	6.3	0.421	5.3	10.8	0.492	0.544	5.3	6.7	0.8	0.5	6.3	6.8	5.3	0.7	0.7	2.8	1.2	24
Kyrie Irving	PG	28	BRK	5	5	32.4	9.8	20.4	0.48	3.8	9.4	0.404	6	11	0.545	0.574	2.8	2.8	1	1	4.2	5.2	5.6	1.2	0	1.6	2.4	26.2
Wesley Iwundu	SF	26	DAL	3	0	6	2	3.3	0.6	0.3	1	0.333	1.7	2.3	0.714	0.65	0.3	0.7	0.5	0	0.3	0.3	0	0.3	0	0	0.3	4.7
Josh Jackson	SF	23	DET	5	3	26.2	6.4	13	0.492	1.4	5	0.28	5	8	0.625	0.546	1.8	2.8	0.643	0.8	4.4	5.2	2	1	0.8	2.2	3.2	16
Justin Jackson	PF	25	OKC	1	1	29	3	6	0.5	0	3	0	3	3	1	0.5	2	2	1	0	2	2	3	0	0	4	0	8
Reggie Jackson	SG	30	LAC	6	0	14.7	2.2	5.2	0.419	1.2	3.3	0.35	1	1.8	0.545	0.532	0.3	0.8	0.4	0.2	1.5	1.7	1.7	0.7	0.2	0.5	1.3	5.8
Justin James	SF	24	SAC	1	0	3	0	0		0	0		0	0			0	0		0	0	0	1	0	0	0	0	0
LeBron James	PG	36	LAL	6	6	32.2	8.5	18.8	0.451	2.3	6.3	0.368	6.2	12.5	0.493	0.513	4.5	5.8	0.771	1	6.7	7.7	7.3	1.2	0.3	3.5	1	23.8
Isaiah Joe	SG	21	PHI	2	0	7	0.5	1.5	0.333	0	1	0	0.5	0.5	1	0.333	0	0		0	1.5	1.5	0.5	0.5	0	0.5	1	1
Cameron Johnson	PF	24	PHO	6	0	22.3	4.7	9	0.519	2.5	5.8	0.429	2.2	3.2	0.684	0.657	1.7	1.7	1	0.2	2.5	2.7	1.2	0.7	0.5	0.2	1	13.5
James Johnson	PF	33	DAL	5	0	15.4	1.6	4	0.4	0.6	1.4	0.429	1	2.6	0.385	0.475	1	1.6	0.625	0.8	3.4	4.2	2.6	1.6	0.2	0.6	1.8	4.8
Keldon Johnson	SF	21	SAS	5	5	30	5	11	0.455	1.8	4.2	0.429	3.2	6.8	0.471	0.536	3.2	3.8	0.842	1.2	6.4	7.6	2.4	1.4	0.8	2.4	2.4	15
Stanley Johnson	PF	24	TOR	4	0	12	0.8	2.5	0.3	0.3	1.3	0.2	0.5	1.3	0.4	0.35	0	0		1	2.3	3.3	0.8	0.8	0.3	0.3	1.3	1.8
Tyler Johnson	SG	28	BRK	3	0	3.7	0.3	0.7	0.5	0.3	0.3	1	0	0.3	0	0.75	0	0		0.3	0	0.3	0	0.3	0	0	0	1
Nikola Joki?	C	25	DEN	5	5	36.6	8.4	13.8	0.609	1.4	3	0.467	7	10.8	0.648	0.659	4.8	6	0.8	2.8	8.2	11	13	1.4	0.6	5	3.2	23
Damian Jones	C	25	PHO	4	0	7.5	0.3	0.8	0.333	0	0		0.3	0.8	0.333	0.333	0	0		0.8	0.8	1.5	0	0.3	0.5	0.5	1.8	0.5
Derrick Jones Jr.	SF	23	POR	5	5	33.2	2.2	7	0.314	1	3	0.333	1.2	4	0.3	0.386	1.4	2.4	0.583	1.4	3.2	4.6	1	1.4	0.8	0.4	3.2	6.8
Tre Jones	PG	21	SAS	1	0	1	1	2	0.5	0	0		1	2	0.5	0.5	0	0		0	0	0	0	0	0	0	0	2
Tyus Jones	PG	24	MEM	5	2	23.2	2.6	7	0.371	0	1.8	0	2.6	5.2	0.5	0.371	0.4	0.6	0.667	0.2	1.8	2	4.4	1.2	0.4	1	0.4	5.6
DeAndre Jordan	C	32	BRK	6	6	19.8	1.7	2.2	0.769	0	0		1.7	2.2	0.769	0.769	1	2.3	0.429	1.3	6.2	7.5	1.8	0.3	1.7	2	2.7	4.3
Cory Joseph	PG	29	SAC	6	0	23.8	2.8	7	0.405	0.7	2.5	0.267	2.2	4.5	0.481	0.452	1.8	2.2	0.846	0.3	2.2	2.5	2.3	1	0.5	1.3	3.2	8.2
Mfiondu Kabengele	PF	23	LAC	5	0	6.2	0.2	1.8	0.111	0.2	1.2	0.167	0	0.6	0	0.167	0.4	0.4	1	0	0.8	0.8	0.4	0.4	0.2	0.4	1.4	1
Frank Kaminsky	C	27	PHO	5	0	8	1.4	3.6	0.389	0.2	0.8	0.25	1.2	2.8	0.429	0.417	0.4	0.8	0.5	1	0.8	1.8	0.8	0	0.2	0.2	0.6	3.4
Enes Kanter	C	28	POR	5	0	20.6	4.4	6.4	0.688	0	0		4.4	6.4	0.688	0.688	1.4	1.6	0.875	2.6	6	8.6	0	0.2	0.2	1	1.8	10.2
Luke Kennard	SG	24	LAC	6	2	22.5	2.8	6.7	0.425	1.5	3.3	0.45	1.3	3.3	0.4	0.538	0.3	0.3	1	0	2.5	2.5	1.7	0.5	0.2	1.5	1.8	7.5
Maxi Kleber	PF	29	DAL	5	0	22.4	1.8	4	0.45	1.8	3.8	0.474	0	0.2	0	0.675	2	2	1	0.6	4	4.6	0.8	0.6	0.8	0.8	1.6	7.4
Nathan Knight	PF	23	ATL	3	0	5	1.3	2.3	0.571	0.7	1	0.667	0.7	1.3	0.5	0.714	1.3	1.7	0.8	1	1	2	0	0	0	1	1	4.7
Kevin Knox	SF	21	NYK	6	0	22.7	2.5	6.7	0.375	1	3.5	0.286	1.5	3.2	0.474	0.45	0.7	1	0.667	0.8	2.5	3.3	1.2	0.5	0.5	1.2	1.8	6.7
John Konchar	SG	24	MEM	4	0	20.3	2.3	5	0.45	0.8	1.8	0.429	1.5	3.3	0.462	0.525	1	1	1	0.8	3.8	4.5	2.5	1.3	0.3	0.3	1.3	6.3
Furkan Korkmaz	SG	23	PHI	3	0	18.3	2	8	0.25	1.3	5.3	0.25	0.7	2.7	0.25	0.333	0.7	0.7	1	0	2	2	1	0.7	0.7	2	0.7	6
Luke Kornet	PF	25	CHI	1	0	7	0	2	0	0	2	0	0	0		0	2	2	1	0	1	1	0	1	0	1	0	2
Rodions Kurucs	PF	22	BRK	3	0	4	0.3	1	0.333	0.3	0.7	0.5	0	0.3	0	0.5	0	0		0	1	1	0	0	0	0	0.3	1
Kyle Kuzma	PF	25	LAL	6	1	24.7	4.7	10.2	0.459	2	4.8	0.414	2.7	5.3	0.5	0.557	0.5	0.7	0.75	0.7	2.7	3.3	1.7	0.3	1	1.7	2.3	11.8
Zach LaVine	SG	25	CHI	6	6	31.5	7.5	17.2	0.437	2.2	7.3	0.295	5.3	9.8	0.542	0.5	5	5.7	0.882	0.5	4	4.5	3.5	1.5	0.7	4.3	3	22.2
Jake Layman	SF	26	MIN	5	3	14.6	1.6	4.2	0.381	0.2	1.2	0.167	1.4	3	0.467	0.405	1.8	2.2	0.818	0	1.2	1.2	0.6	1	0.4	0.2	1.8	5.2
Jalen Lecque	PG	20	IND	2	0	2	0.5	1	0.5	0	0		0.5	1	0.5	0.5	0.5	0.5	1	0.5	1	1.5	0.5	0	0	0	0	1.5
Damion Lee	SG	28	GSW	5	0	17.4	2	4.4	0.455	1.8	3.6	0.5	0.2	0.8	0.25	0.659	1	1	1	0.8	3.4	4.2	1.2	0.6	0	0.2	1.6	6.8
Alex Len	C	27	TOR	3	0	13.7	1.7	2.3	0.714	1	1.3	0.75	0.7	1	0.667	0.929	0.7	1.3	0.5	0	2.7	2.7	0.7	0	1.3	1.7	1.3	5
Kawhi Leonard	SF	29	LAC	4	4	33.3	8.8	19	0.461	2	5.3	0.381	6.8	13.8	0.491	0.513	4.3	5	0.85	1.8	4.8	6.5	6.5	2.3	1.3	1.3	3.8	23.8
Meyers Leonard	C	28	MIA	2	2	11	1.5	3	0.5	1.5	3	0.5	0	0		0.75	0	0		0	1.5	1.5	0.5	0	0	0.5	2.5	4.5
Caris LeVert	SG	26	BRK	6	1	26.3	5.8	14.8	0.393	1.5	5.3	0.281	4.3	9.5	0.456	0.444	1.2	1.3	0.875	0.8	3.3	4.2	5.7	1.5	0.5	2.5	1.7	14.3
Kira Lewis Jr.	PG	19	NOP	2	0	6.5	1	3.5	0.286	0	1	0	1	2.5	0.4	0.286	0	0		0	0	0	0.5	0.5	0	0	0	2
Damian Lillard	PG	30	POR	5	5	35.2	7.8	18.2	0.429	3.4	9.6	0.354	4.4	8.6	0.512	0.522	6.2	6.6	0.939	0.4	4	4.4	6.6	0.8	0.4	3.2	1.4	25.2
Kevon Looney	PF	24	GSW	5	0	14.6	1.4	3	0.467	0	0.4	0	1.4	2.6	0.538	0.467	0.8	1	0.8	0.8	2	2.8	1.6	0.4	0.2	0.4	2	3.6
Brook Lopez	C	32	MIL	6	6	21.5	3	6.7	0.45	1.3	3.3	0.4	1.7	3.3	0.5	0.55	1.2	1.2	1	2	1.7	3.7	0.2	0.5	1.2	0.5	2.3	8.5
Robin Lopez	C	32	WAS	6	0	15	2.3	4	0.583	0.2	0.5	0.333	2.2	3.5	0.619	0.604	0.5	1	0.5	1.2	2.8	4	0.3	0	0.8	1	3	5.3
Kevin Love	PF	32	CLE	2	2	23	3	9	0.333	1.5	4.5	0.333	1.5	4.5	0.333	0.417	2	2.5	0.8	1	5	6	2.5	0.5	0	1.5	0.5	9.5
Kyle Lowry	PG	34	TOR	5	5	37.4	5.8	14.2	0.408	3.2	8.6	0.372	2.6	5.6	0.464	0.521	4	4.4	0.909	1	3.4	4.4	8.2	1.2	0	3.6	3.6	18.8
Timothé Luwawu-Cabarrot	SF	25	BRK	6	3	18	2.7	6.7	0.4	1.3	4.2	0.32	1.3	2.5	0.533	0.5	1	1	1	0.3	1.3	1.7	1	0.5	0.2	1.3	1.2	7.7
Trey Lyles	PF	25	SAS	2	0	5	0.5	1	0.5	0.5	1	0.5	0	0		0.75	0	0		0.5	1	1.5	0.5	0	0	0	0	1.5
Thon Maker	C	23	CLE	3	0	6.7	1	1.3	0.75	0	0		1	1.3	0.75	0.75	1.3	1.3	1	0.3	0.7	1	0.3	0	0.3	0.7	1.3	3.3
Théo Maledon	PG	19	OKC	5	0	21.2	2.6	5.8	0.448	1	3.6	0.278	1.6	2.2	0.727	0.534	0.8	1.4	0.571	0.2	1.6	1.8	2.6	0.8	0	2.2	2	7
Karim Mané	PG	20	ORL	1	0	19	0	3	0	0	0		0	3	0	0	0	0		0	4	4	0	0	0	0	1	0
Terance Mann	SG	24	LAC	6	0	11.5	1	3	0.333	0	0.3	0	1	2.7	0.375	0.333	0	0		0.7	1.7	2.3	0.8	0	0.2	0.5	1.5	2
Boban Marjanovi?	C	32	DAL	3	0	7	2	3.3	0.6	0	0.7	0	2	2.7	0.75	0.6	0	0.7	0	0.7	1.7	2.3	0	0	0	0.3	0.3	4
Lauri Markkanen	PF	23	CHI	4	4	26.5	5.5	11	0.5	2.8	5.8	0.478	2.8	5.3	0.524	0.625	3.5	4.5	0.778	1	5.8	6.8	1.3	0.8	0.3	1.8	1.5	17.3
Caleb Martin	SF	25	CHO	5	0	15.2	3	5.6	0.536	0.8	2	0.4	2.2	3.6	0.611	0.607	0.6	1	0.6	0.4	2	2.4	1.6	1.2	0	0.4	0.8	7.4
Cody Martin	SF	25	CHO	5	0	15.6	1.6	3	0.533	0	0.8	0	1.6	2.2	0.727	0.533	0.2	0.4	0.5	0.8	2.2	3	2	0.4	0	0.4	0.8	3.4
Kelan Martin	SF	25	IND	3	0	5.7	0.3	2.7	0.125	0	1	0	0.3	1.7	0.2	0.125	0	0		0.3	0.7	1	0	0.7	0	0.7	1	0.7
Garrison Mathews	SG	24	WAS	2	0	5	0.5	2	0.25	0.5	2	0.25	0	0		0.375	0	0		0	0.5	0.5	1	0	0	0	0	1.5
Dakota Mathias	PG	25	PHI	2	0	6.5	1.5	4.5	0.333	1	3	0.333	0.5	1.5	0.333	0.444	0	0		0	1	1	1	0	0	0	0	4
Wesley Matthews	SG	34	LAL	6	0	18	1.7	3.3	0.5	1	2.7	0.375	0.7	0.7	1	0.65	0	0.2	0	0.2	1	1.2	1.3	0.3	0.3	0.2	1.5	4.3
Tyrese Maxey	SG	20	PHI	6	0	14.7	2.7	6.3	0.421	0.2	1.2	0.143	2.5	5.2	0.484	0.434	0	0		0.2	1.2	1.3	1.5	0.5	0	0.8	0.7	5.5
Skylar Mays	SG	23	ATL	2	0	3	0	0.5	0	0	0.5	0	0	0		0	0	0		0	0	0	0	0	0	0	0.5	0
CJ McCollum	SG	29	POR	5	5	35.4	10	21.8	0.459	5.2	11.4	0.456	4.8	10.4	0.462	0.578	2.8	3.2	0.875	0.4	2.6	3	5.8	1.6	0.4	0.6	1.4	28
T.J. McConnell	PG	28	IND	6	0	15.5	1.5	2.7	0.563	0	0.2	0	1.5	2.5	0.6	0.563	0.2	0.3	0.5	0.7	2	2.7	5	1	0	1.8	1.7	3.2
Jaden McDaniels	PF	20	MIN	3	0	8	1	2	0.5	0.7	1.3	0.5	0.3	0.7	0.5	0.667	0.3	0.7	0.5	0	1.3	1.3	0.3	0.7	0.3	0.7	1	3
Jalen McDaniels	SF	23	CHO	6	0	10.7	1.5	3	0.5	0.2	0.7	0.25	1.3	2.3	0.571	0.528	1	1.5	0.667	0.5	2	2.5	0.8	0.2	0	1.3	1.5	4.2
Doug McDermott	PF	29	IND	6	0	23.8	4.3	10.3	0.419	1.7	5.7	0.294	2.7	4.7	0.571	0.5	1.3	2.2	0.615	1.2	3	4.2	1	0.3	0	0.7	1.5	11.7
Sean McDermott	SF	24	MEM	2	0	20.5	1	3.5	0.286	0.5	2.5	0.2	0.5	1	0.5	0.357	1	1	1	1	0.5	1.5	1.5	0	0	1.5	0.5	3.5
JaVale McGee	C	33	CLE	6	0	17.5	4.3	8.2	0.531	0.5	1	0.5	3.8	7.2	0.535	0.561	1.3	3	0.444	2.8	4.8	7.7	1.2	0.7	1	1.7	3.5	10.5
Alfonzo McKinnie	SF	28	LAL	3	0	3.7	1.3	1.3	1	0.3	0.3	1	1	1	1	1.125	0.7	0.7	1	0.3	0.7	1	0	0	0	0.3	0.3	3.7
Jordan McLaughlin	PG	24	MIN	3	0	19.7	2.3	5.3	0.438	0.7	2	0.333	1.7	3.3	0.5	0.5	0	0		0.3	2	2.3	3.3	0.3	0	0.7	0.3	5.3
Nicolò Melli	PF	30	NOP	5	0	11.8	0.6	2.6	0.231	0.4	2	0.2	0.2	0.6	0.333	0.308	0.6	0.8	0.75	0.2	2.4	2.6	1.2	0.4	0	0.8	0.8	2.2
De'Anthony Melton	PG	22	MEM	1	0	25	1	6	0.167	1	3	0.333	0	3	0	0.25	0	0		0	2	2	1	0	2	0	1	3
Sam Merrill	SG	24	MIL	5	0	7.8	0.8	1.4	0.571	0.8	1	0.8	0	0.4	0	0.857	0	0		0.6	1.2	1.8	1.4	0.2	0	0.6	0.4	2.4
Khris Middleton	SF	29	MIL	6	6	30.7	7.8	15.2	0.516	2.7	5.5	0.485	5.2	9.7	0.534	0.604	2.8	2.8	1	0.8	5	5.8	6.3	1.3	0.2	2.2	2.5	21.2
Patty Mills	PG	32	SAS	5	0	23.8	4.4	8	0.55	2.6	4.6	0.565	1.8	3.4	0.529	0.713	1.8	1.8	1	0.4	1.8	2.2	3.2	0.4	0	0.6	2	13.2
Paul Millsap	PF	35	DEN	5	5	25.8	4.6	7.8	0.59	1.4	2.8	0.5	3.2	5	0.64	0.679	2	3	0.667	0.6	3.4	4	1.4	0.2	0	1.2	2.4	12.6
Shake Milton	SG	24	PHI	6	0	25	4.5	10.5	0.429	1.3	4.5	0.296	3.2	6	0.528	0.492	2	2.7	0.75	0.2	1.8	2	2.3	1.2	0.3	1	2.3	12.3
Donovan Mitchell	SG	24	UTA	5	5	34.8	7	19.8	0.354	2.8	9.4	0.298	4.2	10.4	0.404	0.424	3	4	0.75	0.6	2.8	3.4	4.6	1.2	0.4	3.2	1.8	19.8
Adam Mokoka	SG	22	CHI	3	0	10.7	1.3	3.7	0.364	0	2	0	1.3	1.7	0.8	0.364	0	0		0.3	0.7	1	1	0.7	0.3	0.3	1.7	2.7
E'Twaun Moore	SG	31	PHO	1	0	6	0	1	0	0	1	0	0	0		0	0	0		0	0	0	0	0	0	2	1	0
Ja Morant	PG	21	MEM	3	3	27	10	18.3	0.545	1	3	0.333	9	15.3	0.587	0.573	5.3	6.3	0.842	0.7	1.7	2.3	6.3	0.7	0.7	2.3	2	26.3
Juwan Morgan	PF	23	UTA	2	0	2	0	0.5	0	0	0.5	0	0	0		0	0	0		0	0.5	0.5	0	0	0	0	0	0
Markieff Morris	PF	31	LAL	6	0	14.8	1.5	3.8	0.391	1	2.8	0.353	0.5	1	0.5	0.522	0.3	0.5	0.667	0.8	3.8	4.7	1	0.2	0.5	0.3	1.7	4.3
Monte Morris	PG	25	DEN	5	1	27.4	4.6	9	0.511	1.2	3.4	0.353	3.4	5.6	0.607	0.578	1.8	2.4	0.75	0.2	2	2.2	3	0.6	0.4	0.6	1.2	12.2
Mychal Mulder	PG	26	GSW	5	0	11.2	1.4	3.4	0.412	1	2.8	0.357	0.4	0.6	0.667	0.559	0.6	1.2	0.5	0	1	1	0.2	0.2	0.2	0.2	0.8	4.4
Dejounte Murray	PG	24	SAS	5	5	31.2	7.4	14.2	0.521	0.8	3.2	0.25	6.6	11	0.6	0.549	1.6	2	0.8	0.8	6.8	7.6	6	1.2	0	3.4	2.4	17.2
Jamal Murray	PG	23	DEN	4	4	35.8	7.3	16.3	0.446	3	7.5	0.4	4.3	8.8	0.486	0.538	3.5	4.8	0.737	1	3.5	4.5	2.8	1.3	0.3	2.5	3	21
Mike Muscala	C	29	OKC	5	0	18.6	3.8	7.2	0.528	2.2	4.8	0.458	1.6	2.4	0.667	0.681	1.2	1.2	1	0.2	3.2	3.4	1	0.4	0.2	0.8	1.6	11
Sviatoslav Mykhailiuk	SF	23	DET	5	0	16.8	2.2	6.8	0.324	1.4	5.6	0.25	0.8	1.2	0.667	0.426	1	1	1	0	1.8	1.8	0.6	0.8	0	0.6	1.2	6.8
Larry Nance Jr.	PF	28	CLE	6	5	34.8	3.5	8	0.438	1.2	3.5	0.333	2.3	4.5	0.519	0.51	0.8	1	0.833	2.3	5.3	7.7	5.2	2.7	0.8	1.8	2.3	9
Aaron Nesmith	SF	21	BOS	2	0	14.5	1.5	4.5	0.333	1	3.5	0.286	0.5	1	0.5	0.444	0	0		0.5	1	1.5	0.5	0	0.5	1	1.5	4
Raul Neto	PG	28	WAS	6	2	18.3	4.2	7.2	0.581	1.7	3.7	0.455	2.5	3.5	0.714	0.698	0.7	0.8	0.8	0.3	1.2	1.5	1.5	1.3	0	0.7	1.2	10.7
Georges Niang	PF	27	UTA	5	0	5.8	0	1.2	0	0	1	0	0	0.2	0	0	0	0		0.2	0.4	0.6	0.2	0	0	0	0.8	0
Zeke Nnaji	PF	20	DEN	2	0	2	0	0.5	0	0	0.5	0	0	0		0	0	0		0	0	0	0	0	0	0	0.5	0
Nerlens Noel	C	26	NYK	6	0	15.2	1.7	3	0.556	0	0		1.7	3	0.556	0.556	0.3	0.5	0.667	1.5	3.5	5	0.3	0.8	1.2	1.7	1.7	3.7
Frank Ntilikina	PG	22	NYK	4	0	10.5	1.5	3.5	0.429	1.3	2.3	0.556	0.3	1.3	0.2	0.607	0.3	0.8	0.333	0.3	0.8	1	0.8	0.8	0	0.5	1.8	4.5
Kendrick Nunn	PG	25	MIA	4	0	13.8	1.8	5.8	0.304	0.3	1.8	0.143	1.5	4	0.375	0.326	0.8	0.8	1	0.3	1	1.3	1.8	0.5	0.3	0.8	0.3	4.5
Jusuf Nurki?	C	26	POR	5	5	24.6	4	7.8	0.513	0.4	1.2	0.333	3.6	6.6	0.545	0.538	1	2.4	0.417	1.6	6	7.6	3	0.6	0.6	2	3	9.4
David Nwaba	SG	28	HOU	3	2	23	3.7	8.7	0.423	0.7	2.7	0.25	3	6	0.5	0.462	1.7	2.3	0.714	0.7	2.3	3	0.3	1.3	0.7	0.3	2.3	9.7
Jordan Nwora	SF	22	MIL	4	0	9.8	2.5	5.8	0.435	1	2.3	0.444	1.5	3.5	0.429	0.522	1.8	2	0.875	0	2	2	0	0.8	0	1	1.3	7.8
Royce O'Neale	SF	27	UTA	5	5	32.8	2	5	0.4	1.4	3.4	0.412	0.6	1.6	0.375	0.54	0.2	0.4	0.5	2	5.8	7.8	0.8	0.4	0.6	1.4	2.6	5.6
Semi Ojeleye	PF	26	BOS	5	0	12.8	1.2	3	0.4	0.4	1.4	0.286	0.8	1.6	0.5	0.467	0.8	1.4	0.571	0.8	1.2	2	0.6	0	0	0.2	0.6	3.6
Jahlil Okafor	C	25	DET	2	0	17	3.5	5.5	0.636	0	0		3.5	5.5	0.636	0.636	0	0		2.5	3	5.5	0.5	0	0	1	3.5	7
Chuma Okeke	PF	22	ORL	5	0	18.2	1	2.8	0.357	0.4	1.4	0.286	0.6	1.4	0.429	0.429	0.6	1.2	0.5	1	1.6	2.6	1.6	0.6	0.2	0.6	0.4	3
Josh Okogie	SG	22	MIN	3	3	25	3.3	7	0.476	0.3	2	0.167	3	5	0.6	0.5	1	1	1	1.3	2	3.3	1.7	0	0.3	1	2	8
Isaac Okoro	SG	20	CLE	2	2	37.5	2	4.5	0.444	0.5	2.5	0.2	1.5	2	0.75	0.5	1	1	1	0	3	3	2.5	0.5	0	2	2.5	5.5
KZ Okpala	PF	21	MIA	2	0	14	0.5	2	0.25	0	1.5	0	0.5	0.5	1	0.25	0.5	1	0.5	0.5	1.5	2	0	0.5	0	0	0.5	1.5
Victor Oladipo	SG	28	IND	5	5	31.8	7	14.8	0.473	3	6.6	0.455	4	8.2	0.488	0.574	3	3.8	0.789	0.2	5.4	5.6	4.4	1	0.4	1.8	2.4	20
Kelly Olynyk	PF	29	MIA	4	0	25.5	2.8	7.8	0.355	1.8	5.5	0.318	1	2.3	0.444	0.468	1	1.5	0.667	1	3.8	4.8	2.3	1.5	1.3	1.3	2.3	8.3
Miye Oni	SG	23	UTA	2	0	3	0.5	1	0.5	0.5	0.5	1	0	0.5	0	0.75	0	0		0	0.5	0.5	0.5	0	0	0	0	1.5
Cedi Osman	SF	25	CLE	6	1	23.7	3.8	10.2	0.377	2.2	6	0.361	1.7	4.2	0.4	0.484	1.3	2	0.667	0.5	2.3	2.8	1.7	0.5	0.2	0.5	1.8	11.2
Daniel Oturu	C	21	LAC	4	0	5.5	1.3	2	0.625	0	0.3	0	1.3	1.8	0.714	0.625	0	0		0.3	1.5	1.8	0.5	0	0.5	0.3	0.8	2.5
Kelly Oubre Jr.	SF	25	GSW	5	5	26.6	3.4	12.4	0.274	0.2	5	0.04	3.2	7.4	0.432	0.282	1.2	2	0.6	1.6	4.8	6.4	0.6	1.6	1	2.4	2.2	8.2
Eric Paschall	PF	24	GSW	5	2	19.2	3.4	6.6	0.515	0.4	1.4	0.286	3	5.2	0.577	0.545	3	3.8	0.789	0.6	1.6	2.2	1	0.6	0.4	0.6	1.8	10.2
Anžejs Pase??iks	C	25	WAS	1	0	6	0	1	0	0	1	0	0	0		0	0	0		1	0	1	1	0	0	5	2	0
Patrick Patterson	PF	31	LAC	4	0	12.8	0.8	3	0.25	0.5	2.3	0.222	0.3	0.8	0.333	0.333	0.5	0.5	1	0.8	1.8	2.5	0.8	0.5	0	0.8	1.8	2.5
Chris Paul	PG	35	PHO	6	6	28.8	4.5	11.2	0.403	1	3	0.333	3.5	8.2	0.429	0.448	3.2	3.3	0.95	1	3	4	8.7	0.7	0.3	2	2.7	13.2
Cameron Payne	SG	26	PHO	6	0	18.7	3.5	6.8	0.512	1.2	2.5	0.467	2.3	4.3	0.538	0.598	0.3	0.3	1	0.3	2.3	2.7	4.2	0.7	0.2	1	2.8	8.5
Elfrid Payton	PG	26	NYK	6	6	27	6	12.2	0.493	1	2.3	0.429	5	9.8	0.508	0.534	0.5	1.5	0.333	1.3	3.2	4.5	4.5	0.5	0	3	1.5	13.5
Reggie Perry	PF	20	BRK	3	0	4.3	0.3	1.7	0.2	0	0.7	0	0.3	1	0.333	0.2	0	0		0.3	0.7	1	1	0	0	0	0	0.7
Theo Pinson	SG	25	NYK	4	0	2.3	0	0.8	0	0	0.8	0	0	0		0	0	0		0	0.3	0.3	0	0	0	0	0	0
Mason Plumlee	C	30	DET	5	5	30.6	3.4	5.6	0.607	0	0.4	0	3.4	5.2	0.654	0.607	1	1.8	0.556	3.6	7.6	11.2	4	1.6	0.4	1.6	3.4	7.8
Jakob Poeltl	C	25	SAS	5	2	21.2	2.4	4.4	0.545	0	0		2.4	4.4	0.545	0.545	0	1.4	0	2.8	4	6.8	2	0.4	0.6	1	1.6	4.8
Vincent Poirier	C	27	PHI	1	0	7	1	2	0.5	0	0		1	2	0.5	0.5	0	0		1	1	2	0	0	1	1	0	2
Aleksej Pokusevski	PF	19	OKC	5	0	16	0.4	4.2	0.095	0.2	3.2	0.063	0.2	1	0.2	0.119	0	0		0.2	3.6	3.8	1.4	1	1	2	1.2	1
Jordan Poole	SG	21	GSW	5	0	12.6	1.8	4.8	0.375	0.6	2.8	0.214	1.2	2	0.6	0.438	1.8	1.8	1	0.2	1.2	1.4	1	0.2	0	0.6	1.2	6
Michael Porter Jr.	SF	22	DEN	4	4	29.3	7.5	13.3	0.566	2.8	6.5	0.423	4.8	6.8	0.704	0.67	1.8	2	0.875	1.3	5.5	6.8	1.8	1	1.5	0.5	2.8	19.5
Otto Porter	SF	27	CHI	6	2	24.3	4.8	10.2	0.475	2.2	5	0.433	2.7	5.2	0.516	0.582	3	3.3	0.9	1.5	4.5	6	2	1	0	1.3	1.8	14.8
Bobby Portis	PF	25	MIL	6	0	23	4.2	8	0.521	0.8	2	0.417	3.3	6	0.556	0.573	1.7	2	0.833	2.2	5.5	7.7	1.2	0.7	0.8	1.2	2.2	10.8
Dwight Powell	C	29	DAL	5	5	22.2	1.6	3	0.533	0.2	0.6	0.333	1.4	2.4	0.583	0.567	2.2	3.4	0.647	1	3.2	4.2	1	1.6	0.2	1.2	2.8	5.6
Norman Powell	SG	27	TOR	5	1	23.4	3	9.2	0.326	1.8	4.6	0.391	1.2	4.6	0.261	0.424	1.6	1.8	0.889	0	1.6	1.6	0.8	1.2	0.4	1	2.2	9.4
Taurean Prince	PF	26	BRK	6	1	15.2	1.5	4.3	0.346	0.8	2.5	0.333	0.7	1.8	0.364	0.442	1.8	2.3	0.786	0	2.3	2.3	0.2	0.7	0.7	0.5	1.8	5.7
Payton Pritchard	PG	23	BOS	6	0	21	2.8	5.2	0.548	0.8	2	0.417	2	3.2	0.632	0.629	0.3	0.5	0.667	0	1.7	1.7	2.2	1.7	0.2	1.8	1.3	6.8
Immanuel Quickley	PG	21	NYK	2	0	13.5	2	3.5	0.571	0.5	1.5	0.333	1.5	2	0.75	0.643	2.5	2.5	1	0	1	1	1.5	0.5	0	1.5	1.5	7
Jahmi'us Ramsey	SG	19	SAC	1	0	3	1	1	1	0	0		1	1	1	1	0	0		0	1	1	0	0	0	0	0	2
Julius Randle	PF	26	NYK	6	6	37.7	7.5	15.2	0.495	1.8	3.7	0.5	5.7	11.5	0.493	0.555	4.3	5.7	0.765	1.5	9	10.5	7.2	0.7	0.3	4.5	4	21.2
Cam Reddish	SF	21	ATL	6	6	28.3	3.5	9.2	0.382	1.3	3.5	0.381	2.2	5.7	0.382	0.455	2.5	3	0.833	1	3.7	4.7	1.3	1.3	0.3	1.5	2.8	10.8
J.J. Redick	SG	36	NOP	6	0	21.5	2.2	7	0.31	1.3	5.2	0.258	0.8	1.8	0.455	0.405	1.7	1.7	1	0	1.8	1.8	1	0.3	0	0.5	2.5	7.3
Naz Reid	C	21	MIN	5	3	21.4	4.2	8.4	0.5	1	2.6	0.385	3.2	5.8	0.552	0.56	1.6	2.2	0.727	1.2	3	4.2	1.8	0.8	1	0.8	2.6	11
Nick Richards	PF	23	CHO	2	0	2.5	0.5	0.5	1	0	0		0.5	0.5	1	1	0	0		0	0.5	0.5	0	0	0	0	0.5	1
Josh Richardson	SG	27	DAL	5	5	30.4	5	11.2	0.446	1.8	5.8	0.31	3.2	5.4	0.593	0.527	1.2	1.2	1	1.2	2.2	3.4	2	0.8	0.2	1	3	13
Austin Rivers	SG	28	NYK	2	0	19.5	4.5	7.5	0.6	2	5	0.4	2.5	2.5	1	0.733	0	0		0	1.5	1.5	3.5	0.5	0	2	0.5	11
Duncan Robinson	SF	26	MIA	5	5	28.8	3.2	7.6	0.421	2.8	7	0.4	0.4	0.6	0.667	0.605	1.8	2.2	0.818	0	4.2	4.2	1	0.8	0.2	1.8	1.8	11
Glenn Robinson III	SF	27	SAC	3	0	17.3	2	4.7	0.429	0.3	1.3	0.25	1.7	3.3	0.5	0.464	0	0		1	1.3	2.3	1	0	0.3	0.3	0.7	4.3
Jerome Robinson	SG	23	WAS	3	0	16.3	1.7	4	0.417	0.7	1.7	0.4	1	2.3	0.429	0.5	1	1	1	0	1.3	1.3	1.3	0.3	0	1	2.7	5
Mitchell Robinson	C	22	NYK	6	6	27.8	4	6.5	0.615	0	0		4	6.5	0.615	0.615	0.7	1.2	0.571	3.2	4.7	7.8	0.3	1	1.7	0.5	3.2	8.7
Isaiah Roby	PF	22	OKC	2	1	23	6	8.5	0.706	0.5	2	0.25	5.5	6.5	0.846	0.735	0.5	3.5	0.143	3	3.5	6.5	0	0.5	1	1.5	3.5	13
Rajon Rondo	PG	34	ATL	2	0	15.5	2.5	5	0.5	1	2.5	0.4	1.5	2.5	0.6	0.6	0	0		0.5	0.5	1	7	0.5	0.5	1	0.5	6
Derrick Rose	PG	32	DET	4	0	27.8	6	14.5	0.414	0.8	3	0.25	5.3	11.5	0.457	0.44	2.3	3.5	0.643	0.5	2.5	3	5.3	1.5	0.3	3.3	2	15
Terrence Ross	SG	29	ORL	5	0	28.6	7.6	15.4	0.494	2.8	6.4	0.438	4.8	9	0.533	0.584	4	4.4	0.909	0.8	1.8	2.6	1	1.2	0	1.4	1.4	22
Terry Rozier	PG	26	CHO	6	6	31.8	8	16.3	0.49	3.8	8.5	0.451	4.2	7.8	0.532	0.607	3.3	4.2	0.8	0.7	2.5	3.2	2.8	1	0.5	2.3	2.7	23.2
Ricky Rubio	PG	30	MIN	5	3	24.2	3	6.4	0.469	1	2.6	0.385	2	3.8	0.526	0.547	1.2	1.4	0.857	0.4	1.8	2.2	4.6	1.2	0	1.6	2.6	8.2
D'Angelo Russell	PG	24	MIN	5	4	29	6.6	15.8	0.418	2.6	7.2	0.361	4	8.6	0.465	0.5	0.8	2	0.4	0.6	2.2	2.8	4	1.2	0.2	3.8	2.4	16.6
Domantas Sabonis	PF	24	IND	6	6	37.3	7.7	13.5	0.568	1.3	2.3	0.571	6.3	11.2	0.567	0.617	4.2	6.2	0.676	2.5	8.8	11.3	6.7	1	0.3	3.3	3.8	20.8
Luka Šamani?	PF	21	SAS	1	0	1	0	0		0	0		0	0			0	0		0	0	0	0	0	0	0	0	0
JaKarr Sampson	PF	27	IND	2	0	2	0	0		0	0		0	0			0	0		0	1	1	0	0	0	0	0.5	0
Dario Šari?	PF	26	PHO	2	0	16	2	5.5	0.364	1.5	4	0.375	0.5	1.5	0.333	0.5	2	2	1	0	4.5	4.5	1	0.5	0	2.5	1.5	7.5
Tomáš Satoranský	SG	29	CHI	3	0	22.7	2.3	5	0.467	0.7	2	0.333	1.7	3	0.556	0.533	1	1	1	0.7	1.7	2.3	6	1.3	0.3	2.7	0.7	6.3
Dennis Schröder	SG	27	LAL	6	6	30.2	6.7	13.7	0.488	1.7	3.8	0.435	5	9.8	0.508	0.549	2.2	2.7	0.813	0.7	4.3	5	4.8	0.7	0.2	3	3.3	17.2
Mike Scott	PF	32	PHI	5	0	16	1.4	4.2	0.333	1	3.8	0.263	0.4	0.4	1	0.452	0.4	0.6	0.667	0.6	2	2.6	0	0.4	0.2	0.6	1.2	4.2
Collin Sexton	PG	22	CLE	6	6	37.5	10	18	0.556	1.8	3.3	0.55	8.2	14.7	0.557	0.606	4.2	5.2	0.806	0.3	1.7	2	3.7	1.5	0.2	1.8	2.8	26
Landry Shamet	SG	23	BRK	6	0	18.5	1.5	4.7	0.321	0.8	3.7	0.227	0.7	1	0.667	0.411	1.2	1.3	0.875	0.2	1.2	1.3	0.5	1	0.2	1.3	1.3	5
Pascal Siakam	PF	26	TOR	4	4	35.3	6.5	16.5	0.394	1.8	6.3	0.28	4.8	10.3	0.463	0.447	1.8	2	0.875	1.3	6.5	7.8	3.8	1	0.5	3.5	4.5	16.5
Chris Silva	PF	24	MIA	2	0	3	0	0		0	0		0	0			1	1	1	0	0	0	0	0	0.5	0.5	1	1
Ben Simmons	PG	24	PHI	6	6	32	4.8	9.3	0.518	0.2	0.2	1	4.7	9.2	0.509	0.527	3.7	6	0.611	0.8	9	9.8	7.2	1.5	1.5	3.7	2.8	13.5
Anfernee Simons	SG	21	POR	4	0	11.8	1.5	5.3	0.286	1.5	4.3	0.353	0	1	0	0.429	0.8	1	0.75	0	1.8	1.8	0.3	0.3	0.5	0	2	5.3
Marcus Smart	SG	26	BOS	6	6	33	3.5	9.7	0.362	2.5	5.7	0.441	1	4	0.25	0.491	2.3	3.5	0.667	0.7	1.5	2.2	6.2	1.8	0.8	1.8	2.2	11.8
Dennis Smith Jr.	PG	23	NYK	1	0	18	1	5	0.2	0	2	0	1	3	0.333	0.2	2	2	1	0	2	2	2	1	0	1	4	4
Ish Smith	PG	32	WAS	6	0	18.5	2	5.7	0.353	0.3	1	0.333	1.7	4.7	0.357	0.382	0.3	0.8	0.4	0.2	3	3.2	3.8	0	0.5	1.2	0.8	4.7
Jalen Smith	PF	20	PHO	2	0	10	1	2.5	0.4	0	0.5	0	1	2	0.5	0.4	0	1	0	1.5	1	2.5	0.5	0	0.5	0.5	0.5	2
Cassius Stanley	SG	21	IND	2	0	2	1	1.5	0.667	0.5	0.5	1	0.5	1	0.5	0.833	0	0		0.5	0	0.5	0	0	0	0.5	0.5	2.5
Lamar Stevens	PF	23	CLE	2	0	3.5	0	0.5	0	0	0		0	0.5	0	0	1	1	1	0	1	1	0	0	0	0	0	1
Isaiah Stewart	C	19	DET	3	0	18.7	2.3	4.7	0.5	0	0		2.3	4.7	0.5	0.5	0.7	1	0.667	4	2.7	6.7	1	0	0.7	0.7	2.7	5.3
Max Strus	SF	24	MIA	1	0	12	3	5	0.6	1	3	0.333	2	2	1	0.7	0	0		0	0	0	1	0	0	0	0	7
Edmond Sumner	SG	25	IND	1	0	2	0	0		0	0		0	0			0	0		0	0	0	0	0	0	0	0	0
Jae'Sean Tate	SF	25	HOU	4	0	26	2.5	5.3	0.476	0.5	2	0.25	2	3.3	0.615	0.524	1.3	2	0.625	1.3	3.5	4.8	1.5	1	0.3	1.5	2.8	6.8
Jayson Tatum	PF	22	BOS	6	6	34.2	9.3	20.7	0.452	3	7.8	0.383	6.3	12.8	0.494	0.524	2.7	3.3	0.8	0.2	7.7	7.8	3	1.3	0.7	2.8	1	24.3
Jeff Teague	PG	32	BOS	6	1	21.5	2.5	7.3	0.341	1.2	1.8	0.636	1.3	5.5	0.242	0.42	2.2	2.7	0.813	0.3	2.2	2.5	2.8	2	0.3	1	1.8	8.3
Garrett Temple	SG	34	CHI	5	0	23.2	2.4	6.2	0.387	1	3.6	0.278	1.4	2.6	0.538	0.468	0.6	1	0.6	0.4	1.2	1.6	2.4	0.8	0	0.6	3.2	6.4
Tyrell Terry	PG	20	DAL	3	0	4.7	0.3	1.3	0.25	0	0.7	0	0.3	0.7	0.5	0.25	0	0.3	0	0	0.3	0.3	0.7	0.3	0	0	0.3	0.7
Daniel Theis	PF	28	BOS	6	6	21.5	2.5	5.5	0.455	0.3	2.3	0.143	2.2	3.2	0.684	0.485	0.3	0.5	0.667	0.8	3.7	4.5	1.5	0.3	1.3	1	2.2	5.7
Brodric Thomas	SG	24	HOU	2	0	9	0.5	2	0.25	0	1.5	0	0.5	0.5	1	0.25	1.5	2.5	0.6	0.5	1	1.5	2	0	0	1.5	2.5	2.5
Matt Thomas	SG	26	TOR	3	0	15.7	2.3	5.7	0.412	2	4	0.5	0.3	1.7	0.2	0.588	0.3	0.3	1	0	1.7	1.7	1.7	0.7	0	0.3	0.7	7
Tristan Thompson	PF	29	BOS	5	5	23.6	3.8	7.2	0.528	0	0		3.8	7.2	0.528	0.528	1.6	2	0.8	3.6	5	8.6	0.8	0.2	0.8	1.6	3	9.2
Sindarius Thornwell	SG	26	NOP	2	0	5	0.5	1	0.5	0	0.5	0	0.5	0.5	1	0.5	0	0		0	0.5	0.5	0	1.5	0	0	0	1
Matisse Thybulle	SG	23	PHI	6	0	10.2	0.7	2	0.333	0.5	1.5	0.333	0.2	0.5	0.333	0.458	0.2	0.2	1	0.2	0.8	1	0.2	0.5	0.5	0.3	0.8	2
Obi Toppin	PF	22	NYK	1	0	24	3	12	0.25	3	7	0.429	0	5	0	0.375	0	0		0	3	3	1	0	2	0	0	9
Juan Toscano-Anderson	SG	27	GSW	5	2	17.2	1.4	1.8	0.778	0.4	0.8	0.5	1	1	1	0.889	0.6	1	0.6	0.2	3.4	3.6	2.2	0.4	0.6	1	2	3.8
Karl-Anthony Towns	C	25	MIN	2	2	30	6	14.5	0.414	1.5	4.5	0.333	4.5	10	0.45	0.466	5.5	5.5	1	3	8.5	11.5	5	1	3	3	3.5	19
Gary Trent Jr.	SG	22	POR	3	0	18.7	4.7	9	0.519	3.3	5.7	0.588	1.3	3.3	0.4	0.704	0.3	0.7	0.5	0	2	2	1.3	0.7	0	0	1	13
P.J. Tucker	PF	35	HOU	4	4	33.8	2	4.3	0.471	1.3	2.5	0.5	0.8	1.8	0.429	0.618	0	0.5	0	1.3	4.8	6	1.5	1.5	0.8	1.8	3	5.3
Myles Turner	C	24	IND	6	6	30	4.7	10	0.467	1.2	5.2	0.226	3.5	4.8	0.724	0.525	2.2	2.3	0.929	1	5.2	6.2	0.7	1.7	3.7	1.3	3.2	12.7
Jonas Valan?i?nas	C	28	MEM	5	5	29.6	5.4	9.6	0.563	0.6	1.2	0.5	4.8	8.4	0.571	0.594	3.8	5.8	0.655	2.4	9.6	12	2	0.8	1	2.6	3.2	15.2
Denzel Valentine	SG	27	CHI	3	0	16	3.3	5.7	0.588	2	3	0.667	1.3	2.7	0.5	0.765	0.7	0.7	1	0.7	2.7	3.3	0.3	1.3	0.3	0.3	0.7	9.3
Jarred Vanderbilt	PF	21	MIN	3	0	14.3	2.3	3.7	0.636	0	0		2.3	3.7	0.636	0.636	1	2.3	0.429	2.3	3.3	5.7	2.7	1.7	0.7	1.3	0.3	5.7
Fred VanVleet	SG	26	TOR	5	5	35.4	6.8	17.2	0.395	3.4	10	0.34	3.4	7.2	0.472	0.494	2.2	2.6	0.846	1	4	5	6	1.4	0.8	1.2	2	19.2
Devin Vassell	SG	20	SAS	4	0	14.3	1.3	4	0.313	0.8	1.8	0.429	0.5	2.3	0.222	0.406	0	0		0.3	2.8	3	0.5	0.5	0.5	0.5	1.3	3.3
Gabe Vincent	PG	24	MIA	1	0	15	2	6	0.333	2	5	0.4	0	1	0	0.5	1	1	1	0	2	2	2	0	0	0	4	7
Nikola Vu?evi?	C	30	ORL	6	6	31	8.5	16.3	0.52	2.7	5.5	0.485	5.8	10.8	0.538	0.602	1.8	2.8	0.647	2	9.5	11.5	3.3	1	0.2	1.2	1.2	21.5
Dean Wade	PF	24	CLE	5	0	9.6	0.8	2	0.4	0.4	1.4	0.286	0.4	0.6	0.667	0.5	0	0		0.2	0.8	1	0.6	0.8	0.2	0.8	1.6	2
Moritz Wagner	C	23	WAS	2	0	6.5	2	2.5	0.8	0.5	0.5	1	1.5	2	0.75	0.9	0	0		0.5	1.5	2	0.5	0	0	0	3.5	4.5
Lonnie Walker	SG	22	SAS	5	5	30	5.2	11.6	0.448	2	4.8	0.417	3.2	6.8	0.471	0.534	0.6	1.2	0.5	0.4	3	3.4	2.2	0.4	0.4	1	2.8	13
John Wall	PG	30	HOU	2	2	37	9.5	20.5	0.463	2	8	0.25	7.5	12.5	0.6	0.512	4	5	0.8	1	4	5	7.5	2	1.5	5	0	25
Brad Wanamaker	PG	31	GSW	5	0	17.6	1.4	4.2	0.333	0.2	1.6	0.125	1.2	2.6	0.462	0.357	2.4	3	0.8	0	1.4	1.4	2.6	1.2	0.4	1.2	2	5.4
T.J. Warren	SF	27	IND	4	4	29.3	6.8	12.8	0.529	0	1.8	0	6.8	11	0.614	0.529	2	2.5	0.8	0.5	3	3.5	1.3	0.5	0	1	4	15.5
P.J. Washington	PF	22	CHO	6	6	24.5	3.8	9.3	0.411	0.8	2.3	0.357	3	7	0.429	0.455	2.5	4	0.625	2.2	3.3	5.5	2.2	1.2	0.7	2.3	3.2	11
Yuta Watanabe	SF	26	TOR	1	0	9	0	2	0	0	1	0	0	1	0	0	0	0		1	3	4	1	1	1	0	2	0
Tremont Waters	PG	23	BOS	2	0	4.5	0.5	1	0.5	0	0		0.5	1	0.5	0.5	1	1	1	0	0	0	1.5	1	0	1.5	0	2
Paul Watson	SF	26	TOR	1	0	3	0	1	0	0	1	0	0	0		0	0	0		0	1	1	0	0	0	0	0	0
Russell Westbrook	PG	32	WAS	4	4	37.3	8	19	0.421	1	3.8	0.267	7	15.3	0.459	0.447	2.8	4.3	0.647	1.5	11.3	12.8	12.3	1	0	5.5	3.3	19.8
Coby White	PG	20	CHI	6	6	32.8	4.8	13.8	0.349	2.5	7	0.357	2.3	6.8	0.341	0.44	2.3	2.8	0.824	0.3	4	4.3	5.7	0.3	0.2	3.2	1.8	14.5
Derrick White	SG	26	SAS	1	0	23	3	9	0.333	1	4	0.25	2	5	0.4	0.389	2	2	1	0	1	1	1	0	2	2	1	9
Hassan Whiteside	C	31	SAC	5	0	11.8	2.2	4.4	0.5	0	0		2.2	4.4	0.5	0.5	0.4	1.6	0.25	1.2	3.6	4.8	0.4	0.2	1	0.8	1.8	4.8
Andrew Wiggins	SF	25	GSW	5	5	32.6	6	16	0.375	2	4.8	0.417	4	11.2	0.357	0.438	3.2	4.2	0.762	1.4	4.2	5.6	1.8	0.4	1.4	2	2.8	17.2
Grant Williams	PF	22	BOS	6	0	16.8	1.8	4.2	0.44	0.5	1.8	0.273	1.3	2.3	0.571	0.5	0.2	0.7	0.25	1	2	3	0.8	0.5	0.2	0.5	3	4.3
Kenrich Williams	PF	26	OKC	5	0	11.8	0.6	3	0.2	0.2	1	0.2	0.4	2	0.2	0.233	0.8	0.8	1	1	1.2	2.2	0.6	0.2	0.2	0.4	1.4	2.2
Lou Williams	PG	34	LAC	6	0	20.7	4	8.7	0.462	1	2.3	0.429	3	6.3	0.474	0.519	1.2	1.8	0.636	0.3	2.2	2.5	3.2	0.3	0	0.7	0.7	10.2
Patrick Williams	SF	19	CHI	6	6	24.3	3.7	8	0.458	0.8	2	0.417	2.8	6	0.472	0.51	2	2.5	0.8	0.5	2.5	3	1	0.2	1	2	2.3	10.2
Robert Williams	C	23	BOS	5	0	15.8	3	3.8	0.789	0	0.2	0	3	3.6	0.833	0.789	0	0		2.2	3.4	5.6	0.6	1	1.6	1	1.4	6
Zion Williamson	PF	20	NOP	6	6	30.8	7.5	13.7	0.549	0	0.3	0	7.5	13.3	0.563	0.549	4.7	8	0.583	3.3	4.8	8.2	1	1.3	0.5	2.8	2.3	19.7
D.J. Wilson	PF	24	MIL	5	0	10.6	1	3	0.333	1	2.4	0.417	0	0.6	0	0.5	0.2	0.4	0.5	0.4	2.6	3	0.4	0.2	0.4	0.6	1.8	3.2
Dylan Windler	SF	24	CLE	1	0	9	1	5	0.2	1	4	0.25	0	1	0	0.3	0	0		0	0	0	0	2	0	1	0	3
James Wiseman	C	19	GSW	5	5	22.6	4	9.8	0.408	1	2	0.5	3	7.8	0.385	0.459	2.6	3.6	0.722	1	4.6	5.6	0.2	0.6	1.6	1.4	4	11.6
Christian Wood	PF	25	HOU	4	4	36.5	9.8	17.5	0.557	1.5	4.3	0.353	8.3	13.3	0.623	0.6	2.8	4.3	0.647	2.3	8.5	10.8	2	1	2.3	1.3	2.8	23.8
Robert Woodard	F	21	SAC	1	0	3	1	2	0.5	0	1	0	1	1	1	0.5	0	2	0	0	1	1	0	0	0	1	0	2
Delon Wright	PG	28	DET	5	2	26.6	3	6.4	0.469	1	2.2	0.455	2	4.2	0.476	0.547	2.8	3.4	0.824	1.2	2	3.2	3.4	0.2	0.6	1.6	1	9.8
Thaddeus Young	PF	32	CHI	2	0	25	4.5	8.5	0.529	0.5	2	0.25	4	6.5	0.615	0.559	1	1	1	0.5	1.5	2	4	1.5	1	3	2	10.5
Trae Young	PG	22	ATL	6	6	32.2	7.8	17.3	0.452	2.2	6	0.361	5.7	11.3	0.5	0.514	10.3	11.7	0.886	1.7	2.8	4.5	8.3	0.3	0.2	3.8	1.3	28.2
Cody Zeller	C	28	CHO	1	1	19	3	6	0.5	0	2	0	3	4	0.75	0.5	0	1	0	1	2	3	0	3	1	1	1	6
Ivica Zubac	C	23	LAC	6	0	18.3	3.5	4.7	0.75	0	0		3.5	4.7	0.75	0.75	3.7	4.5	0.815	1.5	1.2	2.7	0.7	0.5	1.3	0.8	2.2	10.7
