,,,,,,,Team,Team,Team,Team,Team,Team,Team,Team,Team,Team,Team,Team,Team,Opponent,Opponent,Opponent,Opponent,Opponent,Opponent,Opponent,Opponent,Opponent,Opponent,Opponent,Opponent,Opponent
Rk,Date,Tm,,Opp,Result,MP,FG,FGA,FG%,2P,2PA,2P%,3P,3PA,3P%,FT,FTA,FT%,PTS,FG,FGA,FG%,2P,2PA,2P%,3P,3PA,3P%,FT,FTA,FT%,PTS
1,2019-10-22,LAL,@,LAC,L 102-112,240,37,85,.435,24,52,.462,13,33,.394,15,21,.714,102,42,81,.519,31,50,.620,11,31,.355,17,24,.708,112
2,2019-10-25,LAL,,UTA,W 95-86,240,34,86,.395,26,60,.433,8,26,.308,19,24,.792,95,29,70,.414,21,45,.467,8,25,.320,20,21,.952,86
3,2019-10-27,LAL,,CHO,W 120-101,240,49,93,.527,38,62,.613,11,31,.355,11,14,.786,120,35,91,.385,25,56,.446,10,35,.286,21,23,.913,101
4,2019-10-29,LAL,,MEM,W 120-91,240,40,86,.465,33,60,.550,7,26,.269,33,39,.846,120,31,95,.326,24,61,.393,7,34,.206,22,23,.957,91
5,2019-11-01,LAL,@,DAL,W 119-110 (OT),265,47,96,.490,38,64,.594,9,32,.281,16,21,.762,119,40,102,.392,26,66,.394,14,36,.389,16,23,.696,110
6,2019-11-03,LAL,@,SAS,W 103-96,240,42,87,.483,36,63,.571,6,24,.250,13,19,.684,103,33,83,.398,27,58,.466,6,25,.240,24,29,.828,96
7,2019-11-05,LAL,@,CHI,W 118-112,240,45,92,.489,34,59,.576,11,33,.333,17,24,.708,118,43,85,.506,29,53,.547,14,32,.438,12,23,.522,112
8,2019-11-08,LAL,,MIA,W 95-80,240,40,89,.449,32,57,.561,8,32,.250,7,8,.875,95,28,80,.350,22,45,.489,6,35,.171,18,24,.750,80
9,2019-11-10,LAL,,TOR,L 104-113,240,41,94,.436,31,64,.484,10,30,.333,12,19,.632,104,43,89,.483,31,53,.585,12,36,.333,15,22,.682,113
10,2019-11-12,LAL,@,PHO,W 123-115,240,51,95,.537,41,70,.586,10,25,.400,11,21,.524,123,43,91,.473,27,53,.509,16,38,.421,13,17,.765,115
11,2019-11-13,LAL,,GSW,W 120-94,240,48,89,.539,39,69,.565,9,20,.450,15,18,.833,120,36,89,.404,27,54,.500,9,35,.257,13,17,.765,94
12,2019-11-15,LAL,,SAC,W 99-97,240,34,81,.420,23,44,.523,11,37,.297,20,22,.909,99,36,82,.439,20,43,.465,16,39,.410,9,9,1.000,97
13,2019-11-17,LAL,,ATL,W 122-101,240,47,89,.528,32,54,.593,15,35,.429,13,16,.813,122,37,86,.430,29,58,.500,8,28,.286,19,25,.760,101
14,2019-11-19,LAL,,OKC,W 112-107,240,43,89,.483,29,58,.500,14,31,.452,12,19,.632,112,38,80,.475,29,52,.558,9,28,.321,22,25,.880,107
15,2019-11-22,LAL,@,OKC,W 130-127,240,45,88,.511,28,57,.491,17,31,.548,23,29,.793,130,49,93,.527,38,62,.613,11,31,.355,18,20,.900,127
16,2019-11-23,LAL,@,MEM,W 109-108,240,38,84,.452,25,45,.556,13,39,.333,20,29,.690,109,43,89,.483,29,59,.492,14,30,.467,8,13,.615,108
17,2019-11-25,LAL,@,SAS,W 114-104,240,44,89,.494,30,56,.536,14,33,.424,12,18,.667,114,41,88,.466,31,63,.492,10,25,.400,12,15,.800,104
18,2019-11-27,LAL,@,NOP,W 114-110,240,44,85,.518,36,61,.590,8,24,.333,18,25,.720,114,34,84,.405,17,44,.386,17,40,.425,25,30,.833,110
19,2019-11-29,LAL,,WAS,W 125-103,240,45,87,.517,31,55,.564,14,32,.438,21,28,.750,125,38,96,.396,28,59,.475,10,37,.270,17,19,.895,103
20,2019-12-01,LAL,,DAL,L 100-114,240,40,87,.460,33,60,.550,7,27,.259,13,16,.813,100,42,97,.433,25,48,.521,17,49,.347,13,18,.722,114
21,2019-12-03,LAL,@,DEN,W 105-96,240,39,84,.464,32,60,.533,7,24,.292,20,30,.667,105,37,91,.407,31,62,.500,6,29,.207,16,17,.941,96
22,2019-12-04,LAL,@,UTA,W 121-96,240,46,90,.511,32,61,.525,14,29,.483,15,25,.600,121,34,83,.410,20,52,.385,14,31,.452,14,19,.737,96
23,2019-12-06,LAL,@,POR,W 136-113,240,46,85,.541,29,49,.592,17,36,.472,27,33,.818,136,39,86,.453,29,52,.558,10,34,.294,25,29,.862,113
24,2019-12-08,LAL,,MIN,W 142-125,240,55,94,.585,41,63,.651,14,31,.452,18,20,.900,142,44,84,.524,29,47,.617,15,37,.405,22,26,.846,125
25,2019-12-11,LAL,@,ORL,W 96-87,240,37,87,.425,25,56,.446,12,31,.387,10,19,.526,96,34,81,.420,26,55,.473,8,26,.308,11,17,.647,87
26,2019-12-13,LAL,@,MIA,W 113-110,240,43,87,.494,31,50,.620,12,37,.324,15,23,.652,113,39,85,.459,29,52,.558,10,33,.303,22,28,.786,110
27,2019-12-15,LAL,@,ATL,W 101-96,240,36,84,.429,31,53,.585,5,31,.161,24,33,.727,101,31,86,.360,19,44,.432,12,42,.286,22,25,.880,96
28,2019-12-17,LAL,@,IND,L 102-105,240,43,91,.473,35,60,.583,8,31,.258,8,17,.471,102,41,85,.482,31,60,.517,10,25,.400,13,20,.650,105
29,2019-12-19,LAL,@,MIL,L 104-111,240,37,80,.463,25,45,.556,12,35,.343,18,23,.783,104,36,77,.468,20,38,.526,16,39,.410,23,32,.719,111
30,2019-12-22,LAL,,DEN,L 104-128,240,39,83,.470,29,54,.537,10,29,.345,16,22,.727,104,45,92,.489,34,60,.567,11,32,.344,27,30,.900,128
31,2019-12-25,LAL,,LAC,L 106-111,240,39,96,.406,27,51,.529,12,45,.267,16,21,.762,106,39,85,.459,30,60,.500,9,25,.360,24,32,.750,111
32,2019-12-28,LAL,@,POR,W 128-120,240,47,91,.516,36,59,.610,11,32,.344,23,28,.821,128,41,86,.477,26,51,.510,15,35,.429,23,27,.852,120
33,2019-12-29,LAL,,DAL,W 108-95,240,38,78,.487,29,55,.527,9,23,.391,23,28,.821,108,32,89,.360,19,46,.413,13,43,.302,18,20,.900,95
34,2020-01-01,LAL,,PHO,W 117-107,240,43,90,.478,36,62,.581,7,28,.250,24,34,.706,117,42,86,.488,36,63,.571,6,23,.261,17,23,.739,107
35,2020-01-03,LAL,,NOP,W 123-113,240,43,86,.500,29,57,.509,14,29,.483,23,28,.821,123,48,102,.471,37,65,.569,11,37,.297,6,7,.857,113
36,2020-01-05,LAL,,DET,W 106-99,240,42,92,.457,36,72,.500,6,20,.300,16,23,.696,106,29,78,.372,18,52,.346,11,26,.423,30,35,.857,99
37,2020-01-07,LAL,,NYK,W 117-87,240,41,82,.500,24,46,.522,17,36,.472,18,21,.857,117,37,95,.389,33,75,.440,4,20,.200,9,16,.563,87
38,2020-01-10,LAL,@,DAL,W 129-114,240,47,89,.528,37,65,.569,10,24,.417,25,32,.781,129,39,96,.406,28,58,.483,11,38,.289,25,37,.676,114
39,2020-01-11,LAL,@,OKC,W 125-110,240,51,99,.515,36,67,.537,15,32,.469,8,10,.800,125,43,92,.467,34,61,.557,9,31,.290,15,17,.882,110
40,2020-01-13,LAL,,CLE,W 128-99,240,48,88,.545,37,58,.638,11,30,.367,21,28,.750,128,38,85,.447,31,60,.517,7,25,.280,16,24,.667,99
41,2020-01-15,LAL,,ORL,L 118-119,240,48,97,.495,33,59,.559,15,38,.395,7,11,.636,118,43,94,.457,33,68,.485,10,26,.385,23,29,.793,119
42,2020-01-18,LAL,@,HOU,W 124-115,240,45,93,.484,34,60,.567,11,33,.333,23,32,.719,124,40,90,.444,28,53,.528,12,37,.324,23,29,.793,115
43,2020-01-20,LAL,@,BOS,L 107-139,240,39,89,.438,32,63,.508,7,26,.269,22,29,.759,107,52,93,.559,36,59,.610,16,34,.471,19,29,.655,139
44,2020-01-22,LAL,@,NYK,W 100-92,240,36,82,.439,27,55,.491,9,27,.333,19,28,.679,100,36,88,.409,25,54,.463,11,34,.324,9,13,.692,92
45,2020-01-23,LAL,@,BRK,W 128-113,240,47,94,.500,28,56,.500,19,38,.500,15,20,.750,128,40,91,.440,19,45,.422,21,46,.457,12,15,.800,113
46,2020-01-25,LAL,@,PHI,L 91-108,240,35,76,.461,29,45,.644,6,31,.194,15,23,.652,91,41,78,.526,28,41,.683,13,37,.351,13,19,.684,108
47,2020-01-31,LAL,,POR,L 119-127,240,45,96,.469,34,64,.531,11,32,.344,18,28,.643,119,49,97,.505,36,61,.590,13,36,.361,16,21,.762,127
48,2020-02-01,LAL,@,SAC,W 129-113,240,44,86,.512,25,43,.581,19,43,.442,22,27,.815,129,39,91,.429,25,47,.532,14,44,.318,21,26,.808,113
49,2020-02-04,LAL,,SAS,W 129-102,240,50,85,.588,38,57,.667,12,28,.429,17,25,.680,129,40,91,.440,27,64,.422,13,27,.481,9,15,.600,102
50,2020-02-06,LAL,,HOU,L 111-121,240,45,91,.495,36,60,.600,9,31,.290,12,16,.750,111,43,85,.506,24,43,.558,19,42,.452,16,18,.889,121
51,2020-02-08,LAL,@,GSW,W 125-120,240,43,82,.524,29,53,.547,14,29,.483,25,34,.735,125,46,89,.517,33,57,.579,13,32,.406,15,23,.652,120
52,2020-02-10,LAL,,PHO,W 125-100,240,47,91,.516,33,54,.611,14,37,.378,17,25,.680,125,32,76,.421,21,45,.467,11,31,.355,25,31,.806,100
53,2020-02-12,LAL,@,DEN,W 120-116 (OT),265,47,93,.505,35,60,.583,12,33,.364,14,27,.519,120,44,88,.500,33,63,.524,11,25,.440,17,22,.773,116
54,2020-02-21,LAL,,MEM,W 117-105,240,41,86,.477,32,57,.561,9,29,.310,26,40,.650,117,42,92,.457,37,77,.481,5,15,.333,16,31,.516,105
55,2020-02-23,LAL,,BOS,W 114-112,240,39,86,.453,28,52,.538,11,34,.324,25,37,.676,114,38,83,.458,25,49,.510,13,34,.382,23,30,.767,112
56,2020-02-25,LAL,,NOP,W 118-109,240,45,102,.441,32,58,.552,13,44,.295,15,21,.714,118,39,86,.453,31,59,.525,8,27,.296,23,30,.767,109
57,2020-02-27,LAL,@,GSW,W 116-86,240,45,88,.511,37,64,.578,8,24,.333,18,27,.667,116,34,80,.425,25,48,.521,9,32,.281,9,10,.900,86
58,2020-02-29,LAL,@,MEM,L 88-105,240,36,87,.414,27,52,.519,9,35,.257,7,12,.583,88,43,95,.453,33,64,.516,10,31,.323,9,11,.818,105
59,2020-03-01,LAL,@,NOP,W 122-114,240,50,97,.515,37,62,.597,13,35,.371,9,10,.900,122,40,95,.421,33,63,.524,7,32,.219,27,33,.818,114
60,2020-03-03,LAL,,PHI,W 120-107,240,46,86,.535,33,53,.623,13,33,.394,15,18,.833,120,38,85,.447,22,45,.489,16,40,.400,15,20,.750,107
61,2020-03-06,LAL,,MIL,W 113-103,240,38,91,.418,32,59,.542,6,32,.188,31,38,.816,113,37,89,.416,25,46,.543,12,43,.279,17,23,.739,103
62,2020-03-08,LAL,@,LAC,W 112-103,240,39,87,.448,29,52,.558,10,35,.286,24,28,.857,112,34,86,.395,27,55,.491,7,31,.226,28,37,.757,103
63,2020-03-10,LAL,,BRK,L 102-104,240,40,87,.460,25,47,.532,15,40,.375,7,12,.583,102,37,90,.411,24,50,.480,13,40,.325,17,23,.739,104