,,,,,,,Team,Team,Team,Team,Team,Team,Team,Team,Team,Team,Team,Team,Team,Opponent,Opponent,Opponent,Opponent,Opponent,Opponent,Opponent,Opponent,Opponent,Opponent,Opponent,Opponent,Opponent
Rk,Date,Tm,,Opp,Result,MP,FG,FGA,FG%,2P,2PA,2P%,3P,3PA,3P%,FT,FTA,FT%,PTS,FG,FGA,FG%,2P,2PA,2P%,3P,3PA,3P%,FT,FTA,FT%,PTS
1,2019-10-23,SAC,@,PHO,L 95-124,240,34,87,.391,24,58,.414,10,29,.345,17,26,.654,95,49,98,.500,38,65,.585,11,33,.333,15,18,.833,124
2,2019-10-25,SAC,,POR,L 112-122,240,37,87,.425,22,50,.440,15,37,.405,23,27,.852,112,46,85,.541,35,55,.636,11,30,.367,19,22,.864,122
3,2019-10-26,SAC,@,UTA,L 81-113,240,30,81,.370,23,55,.418,7,26,.269,14,17,.824,81,44,78,.564,26,41,.634,18,37,.486,7,12,.583,113
4,2019-10-28,SAC,,DEN,L 94-101,240,36,91,.396,24,54,.444,12,37,.324,10,16,.625,94,36,98,.367,26,62,.419,10,36,.278,19,21,.905,101
5,2019-10-30,SAC,,CHO,L 111-118,240,44,96,.458,30,50,.600,14,46,.304,9,12,.750,111,46,84,.548,30,52,.577,16,32,.500,10,14,.714,118
6,2019-11-01,SAC,,UTA,W 102-101,240,41,84,.488,33,55,.600,8,29,.276,12,17,.706,102,35,73,.479,24,45,.533,11,28,.393,20,27,.741,101
7,2019-11-03,SAC,@,NYK,W 113-92,240,41,85,.482,26,46,.565,15,39,.385,16,25,.640,113,32,80,.400,24,49,.490,8,31,.258,20,31,.645,92
8,2019-11-06,SAC,@,TOR,L 120-124,240,42,95,.442,22,51,.431,20,44,.455,16,21,.762,120,43,78,.551,29,49,.592,14,29,.483,24,29,.828,124
9,2019-11-08,SAC,@,ATL,W 121-109,240,42,76,.553,24,45,.533,18,31,.581,19,22,.864,121,46,87,.529,37,59,.627,9,28,.321,8,14,.571,109
10,2019-11-12,SAC,,POR,W 107-99,240,38,86,.442,27,54,.500,11,32,.344,20,26,.769,107,34,77,.442,26,47,.553,8,30,.267,23,30,.767,99
11,2019-11-15,SAC,@,LAL,L 97-99,240,36,82,.439,20,43,.465,16,39,.410,9,9,1.000,97,34,81,.420,23,44,.523,11,37,.297,20,22,.909,99
12,2019-11-17,SAC,,BOS,W 100-99,240,38,89,.427,24,54,.444,14,35,.400,10,12,.833,100,34,82,.415,24,52,.462,10,30,.333,21,24,.875,99
13,2019-11-19,SAC,,PHO,W 120-116,240,42,79,.532,29,48,.604,13,31,.419,23,25,.920,120,38,89,.427,26,53,.491,12,36,.333,28,34,.824,116
14,2019-11-22,SAC,@,BRK,L 97-116,240,39,86,.453,35,60,.583,4,26,.154,15,19,.789,97,41,81,.506,29,47,.617,12,34,.353,22,31,.710,116
15,2019-11-24,SAC,@,WAS,W 113-106,240,39,81,.481,28,50,.560,11,31,.355,24,28,.857,113,42,92,.457,29,58,.500,13,34,.382,9,12,.750,106
16,2019-11-25,SAC,@,BOS,L 102-103,240,37,79,.468,19,32,.594,18,47,.383,10,15,.667,102,38,85,.447,31,55,.564,7,30,.233,20,23,.870,103
17,2019-11-27,SAC,@,PHI,L 91-97,240,39,95,.411,30,61,.492,9,34,.265,4,9,.444,91,36,77,.468,31,51,.608,5,26,.192,20,24,.833,97
18,2019-11-30,SAC,,DEN,W 100-97 (OT),265,37,96,.385,29,63,.460,8,33,.242,18,21,.857,100,36,87,.414,25,55,.455,11,32,.344,14,21,.667,97
19,2019-12-02,SAC,,CHI,L 106-113,240,40,83,.482,31,50,.620,9,33,.273,17,20,.850,106,36,75,.480,20,38,.526,16,37,.432,25,29,.862,113
20,2019-12-04,SAC,@,POR,L 116-127,240,44,95,.463,33,61,.541,11,34,.324,17,23,.739,116,47,84,.560,31,52,.596,16,32,.500,17,21,.810,127
21,2019-12-06,SAC,@,SAS,L 104-105 (OT),265,40,102,.392,31,68,.456,9,34,.265,15,18,.833,104,41,96,.427,30,64,.469,11,32,.344,12,17,.706,105
22,2019-12-08,SAC,@,DAL,W 110-106,240,44,85,.518,31,51,.608,13,34,.382,9,11,.818,110,41,86,.477,24,42,.571,17,44,.386,7,8,.875,106
23,2019-12-09,SAC,@,HOU,W 119-118,240,40,88,.455,20,43,.465,20,45,.444,19,22,.864,119,41,84,.488,24,34,.706,17,50,.340,19,23,.826,118
24,2019-12-11,SAC,,OKC,W 94-93,240,39,88,.443,29,57,.509,10,31,.323,6,10,.600,94,34,79,.430,21,46,.457,13,33,.394,12,18,.667,93
25,2019-12-13,SAC,,NYK,L 101-103,240,39,83,.470,22,44,.500,17,39,.436,6,8,.750,101,44,95,.463,35,65,.538,9,30,.300,6,10,.600,103
26,2019-12-15,SAC,@,GSW,W 100-79,240,38,63,.603,28,41,.683,10,22,.455,14,16,.875,100,30,76,.395,24,51,.471,6,25,.240,13,18,.722,79
27,2019-12-17,SAC,@,CHO,L 102-110,240,38,91,.418,24,52,.462,14,39,.359,12,13,.923,102,39,81,.481,26,51,.510,13,30,.433,19,27,.704,110
28,2019-12-20,SAC,@,IND,L 105-119,240,41,91,.451,31,59,.525,10,32,.313,13,15,.867,105,45,86,.523,31,55,.564,14,31,.452,15,18,.833,119
29,2019-12-21,SAC,@,MEM,L 115-119,240,43,100,.430,32,64,.500,11,36,.306,18,24,.750,115,40,83,.482,25,48,.521,15,35,.429,24,29,.828,119
30,2019-12-23,SAC,,HOU,L 104-113,240,41,87,.471,34,57,.596,7,30,.233,15,23,.652,104,39,87,.448,24,48,.500,15,39,.385,20,23,.870,113
31,2019-12-26,SAC,,MIN,L 104-105 (2OT),290,37,107,.346,28,68,.412,9,39,.231,21,25,.840,104,36,104,.346,26,58,.448,10,46,.217,23,29,.793,105
32,2019-12-28,SAC,,PHO,L 110-112,240,41,84,.488,29,53,.547,12,31,.387,16,24,.667,110,45,86,.523,36,60,.600,9,26,.346,13,15,.867,112
33,2019-12-29,SAC,@,DEN,L 115-120,240,45,85,.529,32,51,.627,13,34,.382,12,17,.706,115,42,81,.519,34,52,.654,8,29,.276,28,31,.903,120
34,2019-12-31,SAC,,LAC,L 87-105,240,33,80,.413,25,52,.481,8,28,.286,13,19,.684,87,36,88,.409,24,52,.462,12,36,.333,21,22,.955,105
35,2020-01-02,SAC,,MEM,W 128-123,240,44,90,.489,30,56,.536,14,34,.412,26,31,.839,128,45,93,.484,32,59,.542,13,34,.382,20,21,.952,123
36,2020-01-04,SAC,,NOP,L 115-117,240,38,85,.447,26,64,.406,12,21,.571,27,36,.750,115,38,87,.437,22,42,.524,16,45,.356,25,33,.758,117
37,2020-01-06,SAC,,GSW,W 111-98,240,39,81,.481,24,51,.471,15,30,.500,18,23,.783,111,34,86,.395,29,60,.483,5,26,.192,25,32,.781,98
38,2020-01-07,SAC,@,PHO,W 114-103,240,37,84,.440,22,48,.458,15,36,.417,25,28,.893,114,37,77,.481,26,42,.619,11,35,.314,18,22,.818,103
39,2020-01-10,SAC,,MIL,L 106-127,240,44,96,.458,34,61,.557,10,35,.286,8,10,.800,106,47,95,.495,37,56,.661,10,39,.256,23,30,.767,127
40,2020-01-13,SAC,,ORL,L 112-114,240,45,87,.517,33,56,.589,12,31,.387,10,11,.909,112,40,92,.435,31,63,.492,9,29,.310,25,30,.833,114
41,2020-01-15,SAC,,DAL,L 123-127,240,50,96,.521,38,63,.603,12,33,.364,11,20,.550,123,47,92,.511,34,52,.654,13,40,.325,20,24,.833,127
42,2020-01-18,SAC,@,UTA,L 101-123,240,42,86,.488,32,60,.533,10,26,.385,7,12,.583,101,43,85,.506,29,43,.674,14,42,.333,23,24,.958,123
43,2020-01-20,SAC,@,MIA,L 113-118 (OT),265,44,106,.415,31,55,.564,13,51,.255,12,15,.800,113,42,83,.506,26,41,.634,16,42,.381,18,22,.818,118
44,2020-01-22,SAC,@,DET,L 106-127,240,42,98,.429,32,63,.508,10,35,.286,12,23,.522,106,39,73,.534,27,44,.614,12,29,.414,37,44,.841,127
45,2020-01-24,SAC,@,CHI,W 98-81,240,35,81,.432,25,49,.510,10,32,.313,18,21,.857,98,31,79,.392,23,42,.548,8,37,.216,11,14,.786,81
46,2020-01-27,SAC,@,MIN,W 133-129 (OT),265,44,88,.500,26,48,.542,18,40,.450,27,34,.794,133,43,89,.483,20,43,.465,23,46,.500,20,33,.606,129
47,2020-01-29,SAC,,OKC,L 100-120,240,42,91,.462,33,52,.635,9,39,.231,7,11,.636,100,44,88,.500,29,54,.537,15,34,.441,17,20,.850,120
48,2020-01-30,SAC,@,LAC,W 124-103,240,44,88,.500,23,47,.489,21,41,.512,15,18,.833,124,35,92,.380,22,61,.361,13,31,.419,20,25,.800,103
49,2020-02-01,SAC,,LAL,L 113-129,240,39,91,.429,25,47,.532,14,44,.318,21,26,.808,113,44,86,.512,25,43,.581,19,43,.442,22,27,.815,129
50,2020-02-03,SAC,,MIN,W 113-109,240,38,75,.507,24,48,.500,14,27,.519,23,31,.742,113,37,85,.435,24,47,.511,13,38,.342,22,28,.786,109
51,2020-02-07,SAC,,MIA,W 105-97,240,40,82,.488,21,38,.553,19,44,.432,6,12,.500,105,34,77,.442,22,37,.595,12,40,.300,17,25,.680,97
52,2020-02-08,SAC,,SAS,W 122-102,240,45,86,.523,26,51,.510,19,35,.543,13,20,.650,122,41,81,.506,34,57,.596,7,24,.292,13,18,.722,102
53,2020-02-10,SAC,@,MIL,L 111-123,240,42,101,.416,28,58,.483,14,43,.326,13,18,.722,111,43,96,.448,25,54,.463,18,42,.429,19,23,.826,123
54,2020-02-12,SAC,@,DAL,L 111-130,240,41,99,.414,29,60,.483,12,39,.308,17,22,.773,111,48,85,.565,31,45,.689,17,40,.425,17,21,.810,130
55,2020-02-20,SAC,,MEM,W 129-125,240,42,83,.506,23,44,.523,19,39,.487,26,36,.722,129,43,85,.506,31,55,.564,12,30,.400,27,32,.844,125
56,2020-02-22,SAC,@,LAC,W 112-103,240,40,89,.449,28,58,.483,12,31,.387,20,26,.769,112,34,87,.391,24,57,.421,10,30,.333,25,29,.862,103
57,2020-02-25,SAC,@,GSW,W 112-94,240,40,76,.526,27,46,.587,13,30,.433,19,34,.559,112,35,79,.443,31,51,.608,4,28,.143,20,24,.833,94
58,2020-02-27,SAC,@,OKC,L 108-112,240,41,91,.451,29,56,.518,12,35,.343,14,14,1.000,108,41,84,.488,32,58,.552,9,26,.346,21,29,.724,112
59,2020-02-28,SAC,@,MEM,W 104-101,240,38,91,.418,27,53,.509,11,38,.289,17,21,.810,104,39,91,.429,31,61,.508,8,30,.267,15,20,.750,101
60,2020-03-01,SAC,,DET,W 106-100,240,37,91,.407,28,56,.500,9,35,.257,23,26,.885,106,33,80,.413,15,38,.395,18,42,.429,16,24,.667,100
61,2020-03-03,SAC,,WAS,W 133-126,240,50,89,.562,37,60,.617,13,29,.448,20,24,.833,133,41,80,.513,25,42,.595,16,38,.421,28,34,.824,126
62,2020-03-05,SAC,,PHI,L 108-125,240,42,79,.532,31,50,.620,11,29,.379,13,18,.722,108,47,96,.490,30,59,.508,17,37,.459,14,17,.824,125
63,2020-03-07,SAC,@,POR,W 123-111,240,41,85,.482,20,46,.435,21,39,.538,20,23,.870,123,42,89,.472,32,50,.640,10,39,.256,17,26,.654,111
64,2020-03-08,SAC,,TOR,L 113-118,240,42,90,.467,34,59,.576,8,31,.258,21,23,.913,113,39,82,.476,20,34,.588,19,48,.396,21,27,.778,118