Player,Age,G,MP,FG%,3P%,FT%,TOV,PF,REB,AST,STL,BLK,PTS,ROY Score
Evan Mobley,20,14,34.1,52.7,33.300000000000004,78.3,1.7,2.1,7.9,2.3,1.1,1.5,15.6,323.97
Scottie Barnes,20,12,35.2,51.9,20.0,75.7,2.2,2.8,8.3,2.8,1.1,0.7,16.2,301.06
Josh Giddey,19,11,28.9,39.300000000000004,28.999999999999996,61.5,2.5,2.0,6.5,6.1,1.3,0.5,9.5,143.0
Franz Wagner,20,13,32.0,44.0,35.6,80.0,1.0,2.5,3.8,1.8,1.5,0.5,13.0,119.86
Chris Duarte,24,14,32.1,43.1,40.300000000000004,76.5,1.7,2.0,4.4,2.1,0.9,0.1,14.3,109.1
Alperen Şengün,19,11,19.3,48.5,46.2,67.4,2.5,3.3,4.4,2.2,1.5,0.5,9.4,102.35
Herb Jones,23,11,25.4,50.0,38.5,75.0,1.6,3.1,3.1,1.6,1.2,0.5,7.3,56.78
Davion Mitchell,23,13,26.8,39.7,29.099999999999998,63.6,1.1,2.4,2.6,3.7,0.6,0.2,9.8,54.05
Jalen Green,19,12,32.6,35.8,28.9,77.8,3.1,1.5,3.5,2.8,0.7,0.3,14.0,46.8
Bones Hyland,21,9,16.4,39.4,32.6,87.5,0.8,1.4,2.0,2.2,0.9,0.2,8.1,44.4
Jeremiah Robinson-Earl,21,11,17.9,44.2,39.1,50.0,0.9,0.9,4.6,0.5,0.5,0.3,5.2,43.9
Cade Cunningham,20,7,29.3,31.5,23.400000000000002,92.9,3.6,2.4,5.1,3.0,0.9,0.4,11.7,39.04
Dalano Banton,22,14,12.9,54.50000000000001,40.0,66.7,1.0,1.5,2.4,1.4,0.6,0.4,5.4,37.34
Austin Reaves,23,10,21.3,47.8,32.1,100.0,0.8,2.1,2.0,1.0,0.3,0.2,6.1,30.08
Jalen Suggs,20,13,28.1,31.2,20.3,83.7,3.5,2.7,3.3,3.5,0.8,0.4,11.3,23.35
